0.0147 0.0013 0.0001 0.0008 0.0014 0.8546 0.0001 0.0141 0.0026 0.0077 0.0007 0.0218 0.0151 0.0007 0.0018 0.0034 0.0152 0.0001 0.4580 0.0007 0.1519 0.0029 0.0014 0.0005 0.0001 0.0028 0.0050 0.0013 0.0004 0.0021 0.0018 0.0017 0.0016 0.0019 0.0152 0.0007 0.0015 0.0007 0.0004 0.0008 0.0010 0.0003 0.0029 0.1479 0.0002 0.0017 0.0006 0.0017 0.0036 0.0017 0.0014 0.0006 0.0001 0.0089 
0.0317 0.7701 0.9673 0.3583 0.1678 0.0086 0.9949 0.0129 0.1280 0.0303 0.6660 0.0120 0.0145 0.0416 0.0206 0.0860 0.0123 0.9568 0.0181 0.8410 0.0139 0.1125 0.0572 0.0607 0.9719 0.2654 0.9961 0.1726 0.1045 0.1608 0.1129 0.0651 0.1379 0.9096 0.0120 0.9401 0.2821 0.9484 0.1665 0.2383 0.8896 0.1002 0.1006 0.1759 0.9964 0.3407 0.9613 0.0185 0.2077 0.0179 0.9770 0.9552 0.9967 0.2475 
0.0019 0.0402 0.4864 0.0073 0.0036 0.0017 0.8690 0.0008 0.0038 0.0015 0.0132 0.0008 0.0009 0.0007 0.0004 0.0107 0.0008 0.3883 0.0020 0.0715 0.0009 0.0030 0.0018 0.0184 0.5169 0.0479 0.9684 0.0033 0.0144 0.0575 0.0417 0.0009 0.0162 0.4407 0.0008 0.0720 0.0046 0.0779 0.0030 0.0417 0.4157 0.0145 0.0028 0.0582 0.9314 0.0071 0.0905 0.0003 0.0721 0.0003 0.8647 0.0843 0.9122 0.0957 
0.0009 0.0147 0.0187 0.0031 0.0023 0.0083 0.0776 0.0004 0.0023 0.0009 0.0052 0.0005 0.0005 0.0008 0.0004 0.0163 0.0004 0.0130 0.0108 0.0193 0.0021 0.0019 0.0009 0.0036 0.0193 0.0416 0.8472 0.0025 0.0036 0.0091 0.0045 0.0008 0.0162 0.1794 0.0004 0.0212 0.0028 0.0227 0.0012 0.0101 0.0690 0.0026 0.0018 0.1136 0.1289 0.0040 0.0255 0.0003 0.0061 0.0003 0.2081 0.0239 0.1027 0.0063 
0.0008 0.0123 0.0147 0.0027 0.0020 0.0099 0.0587 0.0004 0.0021 0.0009 0.0044 0.0005 0.0005 0.0008 0.0004 0.0189 0.0004 0.0102 0.0133 0.0160 0.0023 0.0017 0.0008 0.0037 0.0150 0.0460 0.8356 0.0022 0.0036 0.0092 0.0044 0.0008 0.0179 0.1755 0.0004 0.0169 0.0025 0.0180 0.0011 0.0100 0.0635 0.0026 0.0016 0.1346 0.0985 0.0034 0.0200 0.0003 0.0057 0.0003 0.1806 0.0188 0.0773 0.0059 
0.0011 0.0131 0.0193 0.0031 0.0024 0.0140 0.0730 0.0005 0.0025 0.0011 0.0049 0.0007 0.0006 0.0009 0.0005 0.0203 0.0006 0.0137 0.0177 0.0169 0.0032 0.0020 0.0010 0.0046 0.0199 0.0479 0.8213 0.0025 0.0043 0.0118 0.0059 0.0010 0.0190 0.1798 0.0005 0.0179 0.0029 0.0190 0.0013 0.0114 0.0732 0.0032 0.0019 0.1531 0.1234 0.0039 0.0211 0.0004 0.0076 0.0004 0.1958 0.0199 0.0951 0.0103 
0.0098 0.1812 0.0018 0.2832 0.7381 0.0082 0.0012 0.0043 0.0345 0.0187 0.1670 0.0044 0.0049 0.1147 0.8908 0.0103 0.0042 0.0016 0.0088 0.3392 0.0094 0.3044 0.1267 0.0057 0.0015 0.0137 0.0049 0.9594 0.0824 0.0072 0.0058 0.8886 0.0034 0.0051 0.0041 0.1198 0.2787 0.1121 0.2250 0.0613 0.0043 0.0585 0.3653 0.0034 0.0013 0.2063 0.0915 0.8759 0.0026 0.8819 0.0027 0.0910 0.0011 0.0122 
0.0029 0.0016 0.0146 0.0010 0.0020 0.2053 0.0235 0.0015 0.0016 0.0030 0.0009 0.0022 0.0018 0.0014 0.0034 0.0206 0.0016 0.0125 0.1626 0.0016 0.0212 0.0020 0.0012 0.0271 0.0155 0.0282 0.0926 0.0013 0.0088 0.0871 0.0485 0.0029 0.0150 0.0314 0.0016 0.0010 0.0014 0.0009 0.0007 0.0126 0.0466 0.0099 0.0021 0.3324 0.0615 0.0014 0.0009 0.0034 0.0303 0.0035 0.0384 0.0009 0.0267 0.7760 
0.0511 0.4098 0.0408 0.7563 0.6348 0.0046 0.0297 0.0094 0.1098 0.2147 0.3606 0.0086 0.0123 0.0147 0.1481 0.0634 0.0086 0.0334 0.0080 0.7730 0.0112 0.4080 0.8454 0.2291 0.0319 0.1399 0.0783 0.9823 0.9455 0.0502 0.0624 0.1403 0.0234 0.0685 0.0084 0.2567 0.2715 0.2254 0.8802 0.8938 0.0438 0.9206 0.4627 0.0172 0.0239 0.3698 0.1720 0.1012 0.0823 0.0976 0.1032 0.1809 0.0273 0.0294 
0.0199 0.1963 0.0007 0.2508 0.3879 0.0075 0.0006 0.0075 0.0431 0.0442 0.1282 0.0072 0.0088 0.0140 0.1320 0.0042 0.0072 0.0007 0.0052 0.3001 0.0075 0.7459 0.1760 0.0023 0.0006 0.0064 0.0030 0.9341 0.0439 0.0040 0.0041 0.1456 0.0011 0.0025 0.0071 0.0941 0.2417 0.0872 0.2083 0.0369 0.0020 0.0283 0.7993 0.0015 0.0006 0.2422 0.0701 0.0993 0.0024 0.0959 0.0022 0.0706 0.0005 0.0027 
0.0562 0.8151 0.0062 0.7917 0.7905 0.0059 0.0068 0.0117 0.2467 0.1185 0.9002 0.0105 0.0150 0.1275 0.5171 0.0056 0.0106 0.0057 0.0051 0.7736 0.0097 0.6226 0.3839 0.0015 0.0057 0.0093 0.0199 0.9855 0.0337 0.0033 0.0029 0.8177 0.0025 0.0108 0.0104 0.9412 0.8214 0.9460 0.6314 0.0353 0.0080 0.0217 0.6205 0.0017 0.0060 0.8093 0.9496 0.4828 0.0025 0.4738 0.0080 0.9409 0.0067 0.0024 
0.0045 0.0025 0.0013 0.0025 0.0050 0.1444 0.0010 0.0018 0.0049 0.0037 0.0018 0.0026 0.0022 0.0118 0.0088 0.7234 0.0018 0.0012 0.2190 0.0020 0.0316 0.0076 0.0029 0.1157 0.0011 0.7137 0.2418 0.0049 0.0758 0.4829 0.3900 0.0072 0.3598 0.1941 0.0018 0.0012 0.0044 0.0012 0.0023 0.1116 0.0845 0.0439 0.0081 0.7661 0.0011 0.0038 0.0011 0.0092 0.0928 0.0089 0.0437 0.0011 0.0009 0.0213 
0.0074 0.0016 0.0056 0.0015 0.0029 0.0436 0.0049 0.0020 0.0033 0.0037 0.0011 0.0025 0.0026 0.0044 0.0057 0.3172 0.0019 0.0050 0.0331 0.0012 0.0089 0.0063 0.0020 0.1460 0.0053 0.3996 0.1137 0.0025 0.0604 0.7723 0.7984 0.0044 0.1025 0.0900 0.0019 0.0008 0.0027 0.0007 0.0014 0.0963 0.1238 0.0470 0.0067 0.3814 0.0078 0.0024 0.0007 0.0059 0.3959 0.0059 0.1272 0.0007 0.0049 0.1980 
0.0300 0.0021 0.0004 0.0017 0.0026 0.9956 0.0004 0.0399 0.0063 0.0187 0.0015 0.0774 0.0405 0.0036 0.0046 0.2451 0.0463 0.0004 0.9896 0.0013 0.8557 0.0050 0.0041 0.0056 0.0004 0.1463 0.0809 0.0015 0.0053 0.0205 0.0116 0.0035 0.0786 0.0526 0.0458 0.0011 0.0029 0.0011 0.0015 0.0099 0.0113 0.0028 0.0050 0.9538 0.0006 0.0030 0.0010 0.0046 0.0152 0.0047 0.0061 0.0011 0.0003 0.0312 
0.0179 0.0015 0.0004 0.0012 0.0018 0.9699 0.0003 0.0130 0.0048 0.0128 0.0009 0.0241 0.0148 0.0030 0.0026 0.1925 0.0145 0.0003 0.9371 0.0009 0.5055 0.0033 0.0029 0.0078 0.0003 0.1302 0.0727 0.0011 0.0055 0.0275 0.0169 0.0020 0.0729 0.0420 0.0142 0.0007 0.0019 0.0007 0.0010 0.0102 0.0108 0.0031 0.0032 0.9069 0.0005 0.0021 0.0006 0.0027 0.0192 0.0027 0.0072 0.0006 0.0003 0.0273 
0.0147 0.0013 0.0003 0.0011 0.0016 0.9705 0.0003 0.0116 0.0041 0.0108 0.0008 0.0218 0.0130 0.0027 0.0025 0.1909 0.0130 0.0003 0.9417 0.0009 0.5056 0.0029 0.0025 0.0074 0.0003 0.1286 0.0741 0.0010 0.0052 0.0257 0.0149 0.0019 0.0704 0.0417 0.0128 0.0006 0.0017 0.0006 0.0009 0.0095 0.0105 0.0029 0.0029 0.9095 0.0005 0.0019 0.0006 0.0025 0.0159 0.0025 0.0066 0.0006 0.0003 0.0283 
0.6644 0.0209 0.0041 0.0168 0.0111 0.5081 0.0041 0.0560 0.1473 0.4574 0.0116 0.0624 0.1067 0.0281 0.0069 0.0338 0.0479 0.0038 0.0696 0.0098 0.0651 0.0322 0.0840 0.0273 0.0040 0.0377 0.0319 0.0066 0.0153 0.1232 0.3049 0.0055 0.0445 0.0218 0.0468 0.0085 0.0203 0.0081 0.0169 0.0359 0.0203 0.0113 0.0281 0.3493 0.0058 0.0319 0.0075 0.0069 0.7785 0.0065 0.1508 0.0080 0.0043 0.0347 
0.1436 0.0024 0.0005 0.0018 0.0017 0.8883 0.0005 0.0144 0.0168 0.0669 0.0012 0.0222 0.0241 0.0049 0.0018 0.0794 0.0138 0.0004 0.5106 0.0012 0.1760 0.0042 0.0081 0.0094 0.0005 0.0673 0.0450 0.0008 0.0053 0.0517 0.0793 0.0013 0.0527 0.0247 0.0135 0.0009 0.0025 0.0008 0.0017 0.0135 0.0100 0.0030 0.0038 0.7915 0.0008 0.0035 0.0007 0.0018 0.2665 0.0017 0.0326 0.0008 0.0005 0.0163 
0.1595 0.0029 0.0002 0.0020 0.0021 0.8091 0.0002 0.0252 0.0197 0.0774 0.0014 0.0349 0.0387 0.0049 0.0020 0.0178 0.0240 0.0002 0.2757 0.0013 0.1162 0.0057 0.0082 0.0033 0.0002 0.0145 0.0115 0.0012 0.0017 0.0139 0.0229 0.0016 0.0149 0.0061 0.0237 0.0011 0.0032 0.0010 0.0016 0.0042 0.0028 0.0011 0.0051 0.3906 0.0003 0.0046 0.0009 0.0020 0.1017 0.0019 0.0104 0.0010 0.0002 0.0060 
0.0071 0.0013 0.0010 0.0009 0.0014 0.9596 0.0012 0.0063 0.0023 0.0054 0.0007 0.0121 0.0068 0.0015 0.0020 0.1184 0.0071 0.0008 0.9339 0.0010 0.4228 0.0019 0.0015 0.0064 0.0009 0.0918 0.1342 0.0008 0.0044 0.0221 0.0107 0.0017 0.0466 0.0535 0.0070 0.0007 0.0012 0.0007 0.0006 0.0084 0.0168 0.0028 0.0019 0.9003 0.0023 0.0013 0.0007 0.0020 0.0120 0.0021 0.0107 0.0007 0.0012 0.0904 
0.0064 0.0010 0.0008 0.0007 0.0012 0.9646 0.0010 0.0056 0.0020 0.0050 0.0006 0.0111 0.0061 0.0014 0.0020 0.1126 0.0064 0.0007 0.9412 0.0008 0.4307 0.0016 0.0013 0.0063 0.0008 0.0852 0.1138 0.0007 0.0041 0.0219 0.0103 0.0016 0.0433 0.0469 0.0063 0.0006 0.0010 0.0005 0.0005 0.0077 0.0151 0.0026 0.0016 0.9069 0.0020 0.0011 0.0005 0.0020 0.0113 0.0020 0.0090 0.0005 0.0010 0.1104 
0.0060 0.0006 0.0001 0.0004 0.0007 0.9764 0.0001 0.0039 0.0021 0.0058 0.0003 0.0083 0.0047 0.0016 0.0010 0.1308 0.0044 0.0001 0.9571 0.0004 0.4227 0.0009 0.0010 0.0037 0.0001 0.0777 0.0668 0.0003 0.0020 0.0072 0.0031 0.0008 0.0619 0.0276 0.0044 0.0002 0.0006 0.0002 0.0003 0.0038 0.0046 0.0011 0.0009 0.9403 0.0002 0.0007 0.0002 0.0011 0.0046 0.0010 0.0025 0.0002 0.0001 0.0178 
0.3721 0.0239 0.0032 0.0153 0.0139 0.2497 0.0027 0.9289 0.2845 0.4340 0.0108 0.9113 0.8924 0.1906 0.0112 0.0203 0.9327 0.0031 0.0807 0.0087 0.1445 0.0376 0.0651 0.2241 0.0030 0.0096 0.0070 0.0054 0.0063 0.0088 0.0071 0.0083 0.1530 0.0062 0.9375 0.0076 0.0266 0.0073 0.0135 0.0048 0.0042 0.0118 0.0322 0.0246 0.0028 0.0401 0.0068 0.0122 0.0121 0.0108 0.0051 0.0073 0.0026 0.0060 
0.3066 0.0873 0.0055 0.0492 0.0577 0.0198 0.0045 0.1707 0.6247 0.5923 0.0385 0.1487 0.2107 0.8657 0.0619 0.1723 0.1554 0.0053 0.0166 0.0319 0.0112 0.0634 0.1354 0.5014 0.0051 0.0897 0.0539 0.0174 0.0196 0.0305 0.0193 0.0513 0.7789 0.0437 0.1593 0.0304 0.1007 0.0295 0.0381 0.0174 0.0187 0.0309 0.0523 0.1501 0.0042 0.1292 0.0283 0.0752 0.0345 0.0626 0.0157 0.0301 0.0042 0.0090 
0.0404 0.0052 0.0071 0.0042 0.0041 0.0041 0.0067 0.0667 0.0725 0.1075 0.0017 0.0553 0.0677 0.0960 0.0030 0.0593 0.0634 0.0063 0.0035 0.0032 0.0023 0.0051 0.0206 0.7313 0.0066 0.0469 0.0327 0.0017 0.0393 0.0689 0.0465 0.0018 0.4108 0.0206 0.0662 0.0011 0.0045 0.0010 0.0048 0.0276 0.0181 0.0781 0.0045 0.0518 0.0085 0.0070 0.0009 0.0032 0.0433 0.0028 0.0225 0.0010 0.0067 0.0477 
0.3490 0.0349 0.0011 0.0275 0.0164 0.0800 0.0009 0.1169 0.3128 0.6390 0.0153 0.1107 0.1599 0.1319 0.0056 0.0172 0.1053 0.0010 0.0252 0.0146 0.0178 0.0417 0.1539 0.0734 0.0010 0.0111 0.0082 0.0135 0.0086 0.0070 0.0068 0.0048 0.1014 0.0059 0.1069 0.0108 0.0319 0.0101 0.0270 0.0086 0.0031 0.0107 0.0356 0.0640 0.0010 0.0562 0.0090 0.0056 0.0257 0.0047 0.0057 0.0097 0.0009 0.0066 
