2	0.619047619048
3	0.704433497537
4	0.725779967159
5	0.76354679803
6	0.768472906404
7	0.789819376026
8	0.799671592775
9	0.804597701149
10	0.804597701149
11	0.807881773399
12	0.812807881773
13	0.816091954023
14	0.821018062397
15	0.824302134647
16	0.830870279146
17	0.83908045977
18	0.83908045977
19	0.84236453202
20	0.844006568144
21	0.844006568144
22	0.844006568144
23	0.844006568144
24	0.848932676519
25	0.853858784893
26	0.855500821018
27	0.855500821018
28	0.855500821018
29	0.860426929392
30	0.862068965517
31	0.862068965517
32	0.863711001642
33	0.865353037767
34	0.865353037767
35	0.865353037767
36	0.866995073892
37	0.868637110016
38	0.868637110016
39	0.870279146141
40	0.873563218391
41	0.875205254516
42	0.875205254516
43	0.87684729064
44	0.878489326765
45	0.878489326765
46	0.88013136289
47	0.88013136289
48	0.88013136289
49	0.88013136289
50	0.88013136289
51	0.881773399015
52	0.885057471264
53	0.885057471264
54	0.885057471264
55	0.885057471264
56	0.885057471264
57	0.885057471264
58	0.885057471264
59	0.885057471264
60	0.886699507389
61	0.886699507389
62	0.888341543514
63	0.888341543514
64	0.888341543514
65	0.889983579639
66	0.889983579639
67	0.889983579639
68	0.889983579639
69	0.889983579639
70	0.889983579639
71	0.893267651888
72	0.893267651888
73	0.893267651888
74	0.893267651888
75	0.893267651888
76	0.894909688013
77	0.896551724138
78	0.896551724138
79	0.898193760263
80	0.898193760263
81	0.898193760263
82	0.898193760263
83	0.898193760263
84	0.898193760263
85	0.898193760263
86	0.898193760263
87	0.898193760263
88	0.898193760263
89	0.898193760263
90	0.898193760263
91	0.898193760263
92	0.901477832512
93	0.901477832512
94	0.901477832512
95	0.901477832512
96	0.901477832512
97	0.903119868637
98	0.903119868637
99	0.903119868637
100	0.903119868637
101	0.904761904762
102	0.906403940887
103	0.906403940887
104	0.908045977011
105	0.908045977011
106	0.908045977011
107	0.908045977011
108	0.908045977011
109	0.908045977011
110	0.908045977011
111	0.908045977011
112	0.908045977011
113	0.908045977011
114	0.908045977011
115	0.908045977011
116	0.908045977011
117	0.908045977011
118	0.908045977011
119	0.908045977011
120	0.909688013136
121	0.909688013136
122	0.909688013136
123	0.909688013136
124	0.909688013136
125	0.909688013136
126	0.909688013136
127	0.909688013136
128	0.909688013136
129	0.909688013136
130	0.909688013136
131	0.909688013136
132	0.909688013136
133	0.909688013136
134	0.909688013136
135	0.909688013136
136	0.909688013136
137	0.909688013136
138	0.909688013136
139	0.909688013136
140	0.909688013136
141	0.909688013136
142	0.909688013136
143	0.909688013136
144	0.909688013136
145	0.909688013136
146	0.909688013136
147	0.909688013136
148	0.909688013136
149	0.911330049261
150	0.911330049261
151	0.911330049261
152	0.911330049261
153	0.911330049261
154	0.911330049261
155	0.911330049261
156	0.911330049261
157	0.911330049261
158	0.911330049261
159	0.911330049261
160	0.911330049261
161	0.911330049261
162	0.911330049261
163	0.911330049261
164	0.911330049261
165	0.911330049261
166	0.911330049261
167	0.911330049261
168	0.911330049261
169	0.911330049261
170	0.911330049261
171	0.911330049261
172	0.911330049261
173	0.911330049261
174	0.911330049261
175	0.912972085386
176	0.912972085386
177	0.912972085386
178	0.912972085386
179	0.912972085386
180	0.912972085386
181	0.912972085386
182	0.912972085386
183	0.912972085386
184	0.912972085386
185	0.914614121511
186	0.914614121511
187	0.916256157635
188	0.916256157635
189	0.91789819376
190	0.91789819376
191	0.91789819376
192	0.91789819376
193	0.91789819376
194	0.91789819376
195	0.91789819376
196	0.919540229885
197	0.919540229885
198	0.919540229885
199	0.92118226601
200	0.92118226601
201	0.92118226601
202	0.92118226601
203	0.92118226601
204	0.92118226601
205	0.92118226601
206	0.92118226601
207	0.92118226601
208	0.92118226601
209	0.92118226601
210	0.92118226601
211	0.922824302135
212	0.922824302135
213	0.922824302135
214	0.922824302135
215	0.922824302135
216	0.922824302135
217	0.922824302135
218	0.922824302135
219	0.922824302135
220	0.922824302135
221	0.922824302135
222	0.922824302135
223	0.922824302135
224	0.922824302135
225	0.924466338259
226	0.924466338259
227	0.924466338259
228	0.924466338259
229	0.924466338259
230	0.924466338259
231	0.924466338259
232	0.924466338259
233	0.924466338259
234	0.924466338259
235	0.924466338259
236	0.924466338259
237	0.924466338259
238	0.924466338259
239	0.924466338259
240	0.924466338259
241	0.924466338259
242	0.924466338259
243	0.924466338259
244	0.924466338259
245	0.924466338259
246	0.924466338259
247	0.924466338259
248	0.924466338259
249	0.924466338259
250	0.924466338259
251	0.924466338259
252	0.924466338259
253	0.924466338259
254	0.924466338259
255	0.924466338259
256	0.924466338259
257	0.924466338259
258	0.924466338259
259	0.924466338259
260	0.924466338259
261	0.924466338259
262	0.924466338259
263	0.924466338259
264	0.926108374384
265	0.926108374384
266	0.926108374384
267	0.926108374384
268	0.926108374384
269	0.926108374384
270	0.927750410509
271	0.927750410509
272	0.927750410509
273	0.927750410509
274	0.927750410509
275	0.927750410509
276	0.927750410509
277	0.927750410509
278	0.927750410509
279	0.927750410509
280	0.927750410509
281	0.927750410509
282	0.927750410509
283	0.927750410509
284	0.927750410509
285	0.927750410509
286	0.927750410509
287	0.927750410509
288	0.927750410509
289	0.927750410509
290	0.927750410509
291	0.927750410509
292	0.927750410509
293	0.927750410509
294	0.927750410509
295	0.927750410509
296	0.927750410509
297	0.927750410509
298	0.927750410509
299	0.927750410509
300	0.927750410509
301	0.927750410509
302	0.927750410509
303	0.927750410509
304	0.927750410509
305	0.927750410509
306	0.927750410509
307	0.927750410509
308	0.927750410509
309	0.927750410509
310	0.927750410509
311	0.927750410509
312	0.927750410509
313	0.927750410509
314	0.927750410509
315	0.929392446634
316	0.929392446634
317	0.929392446634
318	0.929392446634
319	0.929392446634
320	0.929392446634
321	0.929392446634
322	0.929392446634
323	0.929392446634
324	0.929392446634
325	0.929392446634
326	0.931034482759
327	0.931034482759
328	0.931034482759
329	0.931034482759
330	0.931034482759
331	0.931034482759
332	0.931034482759
333	0.931034482759
334	0.931034482759
335	0.931034482759
336	0.931034482759
337	0.931034482759
338	0.931034482759
339	0.931034482759
340	0.931034482759
341	0.931034482759
342	0.931034482759
343	0.931034482759
344	0.931034482759
345	0.931034482759
346	0.931034482759
347	0.931034482759
348	0.931034482759
349	0.931034482759
350	0.931034482759
