(973000,)
(973000,)
Input directory: /scratch/hansaim.lim/wiZAN/ZINC_data/chem_prot/numtarget_numligand/
AUC: 0.540842830145, AUPR: 0.000333840072043, time: 1657.41149092
Rank	TPR
1	0.0
2	0.0
3	0.0
4	0.0
5	0.0
6	0.0
7	0.0
8	0.0
9	0.0
10	0.0
11	0.0
12	0.0
13	0.0
14	0.0
15	0.0
16	0.0
17	0.0
18	0.0
19	0.0
20	0.0
21	0.0
22	0.0
23	0.0
24	0.0
25	0.0
26	0.0
27	0.0
28	0.0
29	0.0
30	0.0
31	0.0
32	0.0
33	0.0
34	0.0
35	0.0
36	0.0
37	0.0
38	0.0
39	0.0
40	0.0
41	0.0
42	0.0
43	0.0
44	0.0
45	0.0
46	0.0
47	0.0
48	0.0
49	0.0
50	0.0
51	0.0
52	0.0
53	0.0
54	0.0
55	0.0
56	0.0
57	0.0
58	0.0
59	0.0
60	0.0
61	0.0
62	0.0
63	0.0
64	0.0
65	0.0
66	0.0
67	0.0
68	0.0
69	0.0
70	0.0
71	0.0
72	0.0
73	0.0
74	0.0
75	0.0
76	0.0
77	0.0
78	0.0
79	0.0
80	0.0
81	0.0
82	0.0
83	0.0
84	0.0
85	0.0
86	0.0
87	0.0
88	0.0
89	0.0
90	0.0
91	0.0
92	0.0
93	0.0
94	0.0
95	0.0
96	0.0
97	0.0
98	0.0
99	0.0
100	0.0
101	0.0
102	0.0
103	0.0
104	0.0
105	0.0
106	0.0
107	0.0
108	0.0
109	0.0
110	0.0
111	0.0
112	0.0
113	0.0
114	0.0
115	0.0
116	0.0
117	0.0
118	0.0
119	0.0
120	0.0
121	0.0
122	0.0143884892086
123	0.0215827338129
124	0.0215827338129
125	0.0215827338129
126	0.0251798561151
127	0.0251798561151
128	0.0251798561151
129	0.0251798561151
130	0.0251798561151
131	0.0323741007194
132	0.0323741007194
133	0.0323741007194
134	0.0323741007194
135	0.0323741007194
136	0.0395683453237
137	0.0395683453237
138	0.0395683453237
139	0.0395683453237
140	0.0395683453237
141	0.0395683453237
142	0.0395683453237
143	0.0395683453237
144	0.0395683453237
145	0.0611510791367
146	0.0611510791367
147	0.0611510791367
148	0.0611510791367
149	0.0719424460432
150	0.0719424460432
151	0.0719424460432
152	0.0719424460432
153	0.0719424460432
154	0.0719424460432
155	0.089928057554
156	0.089928057554
157	0.10071942446
158	0.10071942446
159	0.10071942446
160	0.10071942446
161	0.10071942446
162	0.107913669065
163	0.129496402878
164	0.129496402878
165	0.129496402878
166	0.129496402878
167	0.13309352518
168	0.13309352518
169	0.13309352518
170	0.140287769784
171	0.140287769784
172	0.140287769784
173	0.140287769784
174	0.140287769784
175	0.143884892086
176	0.143884892086
177	0.143884892086
178	0.158273381295
179	0.158273381295
180	0.158273381295
181	0.158273381295
182	0.158273381295
183	0.158273381295
184	0.158273381295
185	0.158273381295
186	0.158273381295
187	0.158273381295
188	0.158273381295
189	0.158273381295
190	0.158273381295
191	0.158273381295
192	0.158273381295
193	0.158273381295
194	0.158273381295
195	0.158273381295
196	0.158273381295
197	0.158273381295
198	0.158273381295
199	0.158273381295
200	0.158273381295
201	0.190647482014
202	0.212230215827
203	0.212230215827
204	0.212230215827
205	0.219424460432
206	0.219424460432
207	0.219424460432
208	0.219424460432
209	0.226618705036
210	0.226618705036
211	0.226618705036
212	0.230215827338
213	0.230215827338
214	0.230215827338
215	0.230215827338
216	0.230215827338
217	0.230215827338
218	0.230215827338
219	0.230215827338
220	0.230215827338
221	0.230215827338
222	0.230215827338
223	0.230215827338
224	0.230215827338
225	0.230215827338
226	0.230215827338
227	0.230215827338
228	0.230215827338
229	0.230215827338
230	0.230215827338
231	0.230215827338
232	0.230215827338
233	0.230215827338
234	0.237410071942
235	0.237410071942
236	0.237410071942
237	0.237410071942
238	0.237410071942
239	0.237410071942
240	0.237410071942
241	0.237410071942
242	0.237410071942
243	0.262589928058
244	0.262589928058
245	0.262589928058
246	0.262589928058
247	0.262589928058
248	0.262589928058
249	0.262589928058
250	0.269784172662
251	0.269784172662
252	0.269784172662
253	0.269784172662
254	0.269784172662
255	0.269784172662
256	0.269784172662
257	0.269784172662
258	0.269784172662
259	0.269784172662
260	0.273381294964
261	0.273381294964
262	0.273381294964
263	0.273381294964
264	0.273381294964
265	0.273381294964
266	0.273381294964
267	0.273381294964
268	0.273381294964
269	0.273381294964
270	0.273381294964
271	0.273381294964
272	0.273381294964
273	0.273381294964
274	0.273381294964
275	0.273381294964
276	0.284172661871
277	0.284172661871
278	0.284172661871
279	0.284172661871
280	0.284172661871
281	0.284172661871
282	0.284172661871
283	0.284172661871
284	0.284172661871
285	0.284172661871
286	0.284172661871
287	0.284172661871
288	0.287769784173
289	0.287769784173
290	0.287769784173
291	0.287769784173
292	0.287769784173
293	0.287769784173
294	0.287769784173
295	0.287769784173
296	0.287769784173
297	0.287769784173
298	0.287769784173
299	0.287769784173
300	0.287769784173
301	0.287769784173
302	0.287769784173
303	0.287769784173
304	0.287769784173
305	0.287769784173
306	0.287769784173
307	0.287769784173
308	0.287769784173
309	0.287769784173
310	0.287769784173
311	0.287769784173
312	0.287769784173
313	0.287769784173
314	0.287769784173
315	0.287769784173
316	0.287769784173
317	0.287769784173
318	0.287769784173
319	0.287769784173
320	0.287769784173
321	0.287769784173
322	0.287769784173
323	0.287769784173
324	0.287769784173
325	0.287769784173
326	0.287769784173
327	0.287769784173
328	0.287769784173
329	0.309352517986
330	0.309352517986
331	0.309352517986
332	0.309352517986
333	0.309352517986
334	0.309352517986
335	0.309352517986
336	0.309352517986
337	0.309352517986
338	0.309352517986
339	0.309352517986
340	0.309352517986
341	0.309352517986
342	0.309352517986
343	0.309352517986
344	0.309352517986
345	0.309352517986
346	0.309352517986
347	0.309352517986
348	0.309352517986
349	0.309352517986
350	0.309352517986
