(1015000,)
(1015000,)
Input directory: /scratch/hansaim.lim/wiZAN/ZINC_data/chem_prot/numtarget_numligand/
AUC: 0.552798676299, AUPR: 0.000342594663831, time: 1870.99454713
Rank	TPR
1	0.0
2	0.0
3	0.0
4	0.0
5	0.0
6	0.0
7	0.0
8	0.0
9	0.0
10	0.0
11	0.0
12	0.0
13	0.0
14	0.0
15	0.0
16	0.0
17	0.0
18	0.0
19	0.0
20	0.0
21	0.0
22	0.0
23	0.0
24	0.0
25	0.0
26	0.0
27	0.0
28	0.0
29	0.0
30	0.0
31	0.0
32	0.0
33	0.0
34	0.0
35	0.0
36	0.0
37	0.0
38	0.0
39	0.0
40	0.0
41	0.0
42	0.0
43	0.0
44	0.0
45	0.0
46	0.0
47	0.0
48	0.0
49	0.0
50	0.0
51	0.0
52	0.0
53	0.0
54	0.0
55	0.0
56	0.0
57	0.0
58	0.0
59	0.0
60	0.0
61	0.0
62	0.0
63	0.0
64	0.0
65	0.0
66	0.0
67	0.0
68	0.0
69	0.0
70	0.0
71	0.0
72	0.0
73	0.0
74	0.0
75	0.0
76	0.0
77	0.0
78	0.0
79	0.0
80	0.0
81	0.0
82	0.0
83	0.0
84	0.0
85	0.0
86	0.0
87	0.0
88	0.0
89	0.0
90	0.0137931034483
91	0.0137931034483
92	0.0137931034483
93	0.0137931034483
94	0.0137931034483
95	0.0137931034483
96	0.0310344827586
97	0.0379310344828
98	0.0379310344828
99	0.0379310344828
100	0.051724137931
101	0.051724137931
102	0.0724137931034
103	0.0724137931034
104	0.0724137931034
105	0.0827586206897
106	0.0931034482759
107	0.0931034482759
108	0.0931034482759
109	0.0931034482759
110	0.110344827586
111	0.110344827586
112	0.110344827586
113	0.110344827586
114	0.110344827586
115	0.110344827586
116	0.110344827586
117	0.110344827586
118	0.110344827586
119	0.110344827586
120	0.110344827586
121	0.110344827586
122	0.110344827586
123	0.110344827586
124	0.110344827586
125	0.110344827586
126	0.110344827586
127	0.110344827586
128	0.110344827586
129	0.110344827586
130	0.110344827586
131	0.110344827586
132	0.137931034483
133	0.165517241379
134	0.172413793103
135	0.172413793103
136	0.172413793103
137	0.193103448276
138	0.193103448276
139	0.193103448276
140	0.193103448276
141	0.193103448276
142	0.193103448276
143	0.213793103448
144	0.213793103448
145	0.213793103448
146	0.213793103448
147	0.213793103448
148	0.213793103448
149	0.231034482759
150	0.231034482759
151	0.231034482759
152	0.231034482759
153	0.231034482759
154	0.231034482759
155	0.231034482759
156	0.231034482759
157	0.231034482759
158	0.231034482759
159	0.237931034483
160	0.248275862069
161	0.248275862069
162	0.248275862069
163	0.248275862069
164	0.248275862069
165	0.248275862069
166	0.248275862069
167	0.248275862069
168	0.248275862069
169	0.248275862069
170	0.248275862069
171	0.248275862069
172	0.248275862069
173	0.248275862069
174	0.248275862069
175	0.248275862069
176	0.248275862069
177	0.255172413793
178	0.255172413793
179	0.255172413793
180	0.255172413793
181	0.255172413793
182	0.255172413793
183	0.255172413793
184	0.255172413793
185	0.293103448276
186	0.31724137931
187	0.31724137931
188	0.31724137931
189	0.331034482759
190	0.331034482759
191	0.331034482759
192	0.331034482759
193	0.331034482759
194	0.331034482759
195	0.331034482759
196	0.331034482759
197	0.331034482759
198	0.331034482759
199	0.331034482759
200	0.331034482759
201	0.331034482759
202	0.331034482759
203	0.331034482759
204	0.331034482759
205	0.331034482759
206	0.331034482759
207	0.331034482759
208	0.331034482759
209	0.331034482759
210	0.331034482759
211	0.331034482759
212	0.331034482759
213	0.331034482759
214	0.331034482759
215	0.331034482759
216	0.331034482759
217	0.331034482759
218	0.341379310345
219	0.344827586207
220	0.344827586207
221	0.344827586207
222	0.344827586207
223	0.344827586207
224	0.344827586207
225	0.344827586207
226	0.344827586207
227	0.344827586207
228	0.344827586207
229	0.344827586207
230	0.344827586207
231	0.344827586207
232	0.344827586207
233	0.344827586207
234	0.344827586207
235	0.344827586207
236	0.344827586207
237	0.344827586207
238	0.344827586207
239	0.344827586207
240	0.344827586207
241	0.344827586207
242	0.344827586207
243	0.344827586207
244	0.344827586207
245	0.344827586207
246	0.344827586207
247	0.344827586207
248	0.344827586207
249	0.344827586207
250	0.344827586207
251	0.344827586207
252	0.344827586207
253	0.344827586207
254	0.344827586207
255	0.344827586207
256	0.344827586207
257	0.344827586207
258	0.344827586207
259	0.344827586207
260	0.344827586207
261	0.344827586207
262	0.344827586207
263	0.344827586207
264	0.344827586207
265	0.344827586207
266	0.344827586207
267	0.344827586207
268	0.344827586207
269	0.344827586207
270	0.344827586207
271	0.344827586207
272	0.344827586207
273	0.344827586207
274	0.344827586207
275	0.344827586207
276	0.344827586207
277	0.344827586207
278	0.344827586207
279	0.344827586207
280	0.344827586207
281	0.344827586207
282	0.344827586207
283	0.344827586207
284	0.344827586207
285	0.344827586207
286	0.344827586207
287	0.344827586207
288	0.344827586207
289	0.344827586207
290	0.344827586207
291	0.344827586207
292	0.344827586207
293	0.344827586207
294	0.344827586207
295	0.344827586207
296	0.344827586207
297	0.344827586207
298	0.344827586207
299	0.344827586207
300	0.344827586207
301	0.344827586207
302	0.344827586207
303	0.344827586207
304	0.344827586207
305	0.344827586207
306	0.344827586207
307	0.344827586207
308	0.344827586207
309	0.344827586207
310	0.344827586207
311	0.344827586207
312	0.344827586207
313	0.344827586207
314	0.344827586207
315	0.344827586207
316	0.344827586207
317	0.344827586207
318	0.344827586207
319	0.344827586207
320	0.344827586207
321	0.344827586207
322	0.344827586207
323	0.344827586207
324	0.344827586207
325	0.344827586207
326	0.344827586207
327	0.344827586207
328	0.344827586207
329	0.344827586207
330	0.344827586207
331	0.344827586207
332	0.344827586207
333	0.344827586207
334	0.344827586207
335	0.344827586207
336	0.344827586207
337	0.344827586207
338	0.344827586207
339	0.344827586207
340	0.344827586207
341	0.344827586207
342	0.344827586207
343	0.344827586207
344	0.344827586207
345	0.344827586207
346	0.344827586207
347	0.344827586207
348	0.344827586207
349	0.344827586207
350	0.344827586207
