(8491000,)
(8491000,)
Input directory: /scratch/hansaim.lim/wiZAN/ZINC_data/chem_prot/numtarget_numligand/
AUC: 0.551721251151, AUPR: 0.000332385748335, time: 15745.771023
Rank	TPR
1	0.00329760923331
2	0.0115416323166
3	0.0131904369332
4	0.0164880461665
5	0.0210222588623
6	0.025144270404
7	0.0300906842539
8	0.0346248969497
9	0.0366859027205
10	0.0436933223413
11	0.0478153338829
12	0.0548227535037
13	0.0610057708162
14	0.063066776587
15	0.0671887881286
16	0.0671887881286
17	0.0717230008244
18	0.0717230008244
19	0.0791426215993
20	0.0828524319868
21	0.0906842539159
22	0.09604286892
23	0.100577081616
24	0.102638087387
25	0.102638087387
26	0.106760098928
27	0.110469909316
28	0.113767518549
29	0.11582852432
30	0.123248145095
31	0.129018961253
32	0.130255564716
33	0.130255564716
34	0.133140972795
35	0.136438582028
36	0.138087386645
37	0.138087386645
38	0.138087386645
39	0.151277823578
40	0.15539983512
41	0.15539983512
42	0.15539983512
43	0.15539983512
44	0.15539983512
45	0.158285243199
46	0.158285243199
47	0.161995053586
48	0.16240725474
49	0.16240725474
50	0.170239076669
51	0.170239076669
52	0.170239076669
53	0.170239076669
54	0.170239076669
55	0.170651277824
56	0.170651277824
57	0.175185490519
58	0.175185490519
59	0.175185490519
60	0.175185490519
61	0.175185490519
62	0.17724649629
63	0.17724649629
64	0.17724649629
65	0.179719703215
66	0.179719703215
67	0.179719703215
68	0.185902720528
69	0.185902720528
70	0.185902720528
71	0.185902720528
72	0.185902720528
73	0.185902720528
74	0.185902720528
75	0.185902720528
76	0.185902720528
77	0.186314921682
78	0.186314921682
79	0.186314921682
80	0.190024732069
81	0.191261335532
82	0.192497938994
83	0.192497938994
84	0.193322341303
85	0.193322341303
86	0.193322341303
87	0.194146743611
88	0.194558944765
89	0.198268755153
90	0.198268755153
91	0.199093157461
92	0.202802967848
93	0.202802967848
94	0.202802967848
95	0.202802967848
96	0.202802967848
97	0.204039571311
98	0.204451772465
99	0.206100577082
100	0.206100577082
101	0.206100577082
102	0.20692497939
103	0.20692497939
104	0.20692497939
105	0.208985985161
106	0.208985985161
107	0.209810387469
108	0.214344600165
109	0.214344600165
110	0.214344600165
111	0.215169002473
112	0.215169002473
113	0.215169002473
114	0.215169002473
115	0.215169002473
116	0.215169002473
117	0.215169002473
118	0.215169002473
119	0.215169002473
120	0.215169002473
121	0.216405605936
122	0.216405605936
123	0.216405605936
124	0.216405605936
125	0.216405605936
126	0.216405605936
127	0.216405605936
128	0.216405605936
129	0.216405605936
130	0.217230008244
131	0.218054410552
132	0.218054410552
133	0.219703215169
134	0.224237427865
135	0.226298433636
136	0.226298433636
137	0.226298433636
138	0.22671063479
139	0.22671063479
140	0.22671063479
141	0.22671063479
142	0.22671063479
143	0.22671063479
144	0.227122835944
145	0.227122835944
146	0.227122835944
147	0.227122835944
148	0.227122835944
149	0.227122835944
150	0.227122835944
151	0.227122835944
152	0.227122835944
153	0.227122835944
154	0.227122835944
155	0.227122835944
156	0.227122835944
157	0.227122835944
158	0.227122835944
159	0.227122835944
160	0.227122835944
161	0.227122835944
162	0.227122835944
163	0.227122835944
164	0.227122835944
165	0.227122835944
166	0.227122835944
167	0.227122835944
168	0.230420445177
169	0.230420445177
170	0.230420445177
171	0.230420445177
172	0.230420445177
173	0.230420445177
174	0.230420445177
175	0.230420445177
176	0.230420445177
177	0.232069249794
178	0.232069249794
179	0.232069249794
180	0.232069249794
181	0.232069249794
182	0.232069249794
183	0.232069249794
184	0.232069249794
185	0.232069249794
186	0.232893652102
187	0.232893652102
188	0.232893652102
189	0.232893652102
190	0.232893652102
191	0.232893652102
192	0.232893652102
193	0.232893652102
194	0.232893652102
195	0.232893652102
196	0.232893652102
197	0.232893652102
198	0.232893652102
199	0.232893652102
200	0.232893652102
201	0.232893652102
202	0.232893652102
203	0.232893652102
204	0.232893652102
205	0.232893652102
206	0.233305853256
207	0.233305853256
208	0.233305853256
209	0.233305853256
210	0.233305853256
211	0.233305853256
212	0.233305853256
213	0.233305853256
214	0.233305853256
215	0.233305853256
216	0.233305853256
217	0.233305853256
218	0.233305853256
219	0.233305853256
220	0.233305853256
221	0.233305853256
222	0.233305853256
223	0.233305853256
224	0.233305853256
225	0.233305853256
226	0.233305853256
227	0.233305853256
228	0.233305853256
229	0.233305853256
230	0.233305853256
231	0.233305853256
232	0.233305853256
233	0.233305853256
234	0.233305853256
235	0.233305853256
236	0.233305853256
237	0.233305853256
238	0.233305853256
239	0.233305853256
240	0.233305853256
241	0.233305853256
242	0.233305853256
243	0.233305853256
244	0.233305853256
245	0.233305853256
246	0.233305853256
247	0.233305853256
248	0.233305853256
249	0.233305853256
250	0.233305853256
251	0.233305853256
252	0.233305853256
253	0.233305853256
254	0.233305853256
255	0.233305853256
256	0.233305853256
257	0.233305853256
258	0.233305853256
259	0.233305853256
260	0.233305853256
261	0.233305853256
262	0.233305853256
263	0.233305853256
264	0.233305853256
265	0.233305853256
266	0.233305853256
267	0.233305853256
268	0.233305853256
269	0.233305853256
270	0.233305853256
271	0.233305853256
272	0.233305853256
273	0.233305853256
274	0.233305853256
275	0.233305853256
276	0.233305853256
277	0.233305853256
278	0.233305853256
279	0.233305853256
280	0.233305853256
281	0.233305853256
282	0.233305853256
283	0.233305853256
284	0.233305853256
285	0.233305853256
286	0.233305853256
287	0.233305853256
288	0.233718054411
289	0.233718054411
290	0.233718054411
291	0.233718054411
292	0.233718054411
293	0.233718054411
294	0.233718054411
295	0.233718054411
296	0.233718054411
297	0.233718054411
298	0.233718054411
299	0.233718054411
300	0.233718054411
301	0.233718054411
302	0.233718054411
303	0.233718054411
304	0.233718054411
305	0.233718054411
306	0.233718054411
307	0.233718054411
308	0.233718054411
309	0.233718054411
310	0.233718054411
311	0.233718054411
312	0.233718054411
313	0.233718054411
314	0.233718054411
315	0.233718054411
316	0.233718054411
317	0.233718054411
318	0.233718054411
319	0.233718054411
320	0.233718054411
321	0.233718054411
322	0.233718054411
323	0.233718054411
324	0.233718054411
325	0.233718054411
326	0.233718054411
327	0.233718054411
328	0.233718054411
329	0.233718054411
330	0.233718054411
331	0.233718054411
332	0.233718054411
333	0.233718054411
334	0.233718054411
335	0.233718054411
336	0.233718054411
337	0.233718054411
338	0.233718054411
339	0.233718054411
340	0.233718054411
341	0.233718054411
342	0.233718054411
343	0.233718054411
344	0.233718054411
345	0.233718054411
346	0.233718054411
347	0.233718054411
348	0.233718054411
349	0.233718054411
350	0.233718054411
