(1141000,)
(1141000,)
Input directory: /scratch/hansaim.lim/wiZAN/ZINC_data/chem_prot/numtarget_numligand/
AUC: 0.527899560857, AUPR: 0.000314456703933, time: 1931.20983005
Rank	TPR
1	0.0
2	0.0
3	0.0
4	0.0
5	0.0
6	0.0
7	0.0
8	0.0
9	0.0
10	0.0
11	0.0
12	0.0
13	0.0
14	0.0
15	0.0
16	0.0
17	0.0
18	0.0
19	0.0
20	0.0
21	0.0
22	0.0
23	0.0
24	0.0
25	0.0
26	0.0
27	0.0
28	0.0
29	0.0
30	0.0
31	0.0
32	0.0
33	0.0
34	0.0
35	0.0
36	0.0
37	0.0
38	0.0
39	0.0
40	0.0
41	0.0
42	0.0
43	0.0
44	0.0
45	0.0
46	0.0
47	0.0
48	0.0
49	0.0
50	0.0
51	0.0
52	0.0
53	0.0
54	0.0
55	0.0
56	0.0
57	0.0
58	0.0
59	0.0
60	0.0
61	0.0
62	0.0
63	0.0
64	0.0
65	0.0
66	0.0
67	0.0
68	0.0
69	0.0
70	0.0
71	0.0
72	0.0
73	0.0
74	0.0
75	0.0
76	0.0
77	0.0
78	0.0
79	0.0
80	0.0
81	0.0
82	0.0
83	0.0
84	0.0
85	0.0
86	0.0
87	0.0
88	0.0
89	0.0
90	0.0
91	0.0
92	0.0
93	0.0
94	0.0
95	0.0
96	0.0
97	0.0
98	0.0
99	0.0
100	0.0
101	0.0
102	0.0
103	0.0
104	0.0
105	0.0
106	0.0
107	0.0
108	0.0
109	0.0
110	0.0
111	0.0
112	0.0
113	0.0
114	0.0
115	0.0
116	0.0
117	0.0
118	0.0
119	0.0
120	0.0
121	0.0
122	0.0
123	0.0
124	0.0
125	0.0
126	0.0
127	0.0
128	0.0
129	0.0
130	0.0
131	0.0
132	0.0
133	0.0
134	0.0
135	0.0
136	0.00306748466258
137	0.00306748466258
138	0.00306748466258
139	0.00306748466258
140	0.00306748466258
141	0.00306748466258
142	0.00306748466258
143	0.00306748466258
144	0.00306748466258
145	0.00306748466258
146	0.00306748466258
147	0.00306748466258
148	0.00306748466258
149	0.00306748466258
150	0.00306748466258
151	0.00306748466258
152	0.00306748466258
153	0.00306748466258
154	0.00306748466258
155	0.00306748466258
156	0.00306748466258
157	0.00306748466258
158	0.00306748466258
159	0.00306748466258
160	0.00306748466258
161	0.00306748466258
162	0.00306748466258
163	0.00306748466258
164	0.00306748466258
165	0.00306748466258
166	0.00306748466258
167	0.00306748466258
168	0.00306748466258
169	0.00306748466258
170	0.00306748466258
171	0.00306748466258
172	0.00306748466258
173	0.00306748466258
174	0.00306748466258
175	0.00306748466258
176	0.00306748466258
177	0.00613496932515
178	0.00613496932515
179	0.00920245398773
180	0.00920245398773
181	0.0153374233129
182	0.021472392638
183	0.021472392638
184	0.021472392638
185	0.021472392638
186	0.0306748466258
187	0.0429447852761
188	0.0429447852761
189	0.0429447852761
190	0.0460122699387
191	0.0460122699387
192	0.0460122699387
193	0.0460122699387
194	0.0460122699387
195	0.0460122699387
196	0.0460122699387
197	0.0460122699387
198	0.0460122699387
199	0.0460122699387
200	0.0460122699387
201	0.0460122699387
202	0.0460122699387
203	0.0460122699387
204	0.0460122699387
205	0.0460122699387
206	0.0460122699387
207	0.0460122699387
208	0.0460122699387
209	0.0521472392638
210	0.0521472392638
211	0.0521472392638
212	0.0521472392638
213	0.0521472392638
214	0.0521472392638
215	0.0613496932515
216	0.0613496932515
217	0.0613496932515
218	0.0644171779141
219	0.0644171779141
220	0.0674846625767
221	0.0674846625767
222	0.0674846625767
223	0.0674846625767
224	0.0766871165644
225	0.0766871165644
226	0.0766871165644
227	0.0766871165644
228	0.079754601227
229	0.079754601227
230	0.079754601227
231	0.079754601227
232	0.079754601227
233	0.079754601227
234	0.079754601227
235	0.079754601227
236	0.079754601227
237	0.0889570552147
238	0.0889570552147
239	0.0920245398773
240	0.0920245398773
241	0.0920245398773
242	0.0920245398773
243	0.0920245398773
244	0.0920245398773
245	0.0920245398773
246	0.0981595092025
247	0.0981595092025
248	0.0981595092025
249	0.0981595092025
250	0.0981595092025
251	0.0981595092025
252	0.0981595092025
253	0.0981595092025
254	0.0981595092025
255	0.0981595092025
256	0.0981595092025
257	0.0981595092025
258	0.0981595092025
259	0.0981595092025
260	0.104294478528
261	0.113496932515
262	0.125766871166
263	0.141104294479
264	0.159509202454
265	0.159509202454
266	0.162576687117
267	0.162576687117
268	0.162576687117
269	0.165644171779
270	0.165644171779
271	0.165644171779
272	0.165644171779
273	0.165644171779
274	0.165644171779
275	0.165644171779
276	0.165644171779
277	0.165644171779
278	0.165644171779
279	0.165644171779
280	0.165644171779
281	0.165644171779
282	0.165644171779
283	0.165644171779
284	0.165644171779
285	0.165644171779
286	0.165644171779
287	0.165644171779
288	0.165644171779
289	0.165644171779
290	0.168711656442
291	0.180981595092
292	0.184049079755
293	0.187116564417
294	0.187116564417
295	0.187116564417
296	0.187116564417
297	0.187116564417
298	0.187116564417
299	0.19018404908
300	0.19018404908
301	0.19018404908
302	0.19018404908
303	0.19018404908
304	0.19018404908
305	0.19018404908
306	0.19018404908
307	0.19018404908
308	0.19018404908
309	0.19018404908
310	0.193251533742
311	0.193251533742
312	0.193251533742
313	0.193251533742
314	0.193251533742
315	0.193251533742
316	0.193251533742
317	0.193251533742
318	0.193251533742
319	0.193251533742
320	0.193251533742
321	0.193251533742
322	0.193251533742
323	0.193251533742
324	0.193251533742
325	0.193251533742
326	0.193251533742
327	0.193251533742
328	0.193251533742
329	0.193251533742
330	0.193251533742
331	0.193251533742
332	0.193251533742
333	0.193251533742
334	0.193251533742
335	0.193251533742
336	0.193251533742
337	0.193251533742
338	0.193251533742
339	0.193251533742
340	0.193251533742
341	0.193251533742
342	0.193251533742
343	0.193251533742
344	0.193251533742
345	0.193251533742
346	0.193251533742
347	0.193251533742
348	0.193251533742
349	0.193251533742
350	0.193251533742
