(157500,)
(157500,)
Input directory: /scratch/hansaim.lim/wiZAN/ZINC_data/chem_prot/numtarget_maxTc/widerange/
AUC: 0.575471510379, AUPR: 0.000425656546648, time: 363.522152901
Rank	TPR
1	0.0
2	0.0
3	0.0
4	0.0222222222222
5	0.0222222222222
6	0.0222222222222
7	0.0666666666667
8	0.0666666666667
9	0.0666666666667
10	0.0666666666667
11	0.0666666666667
12	0.0666666666667
13	0.0666666666667
14	0.0666666666667
15	0.0666666666667
16	0.0666666666667
17	0.0666666666667
18	0.0666666666667
19	0.0666666666667
20	0.0666666666667
21	0.0666666666667
22	0.0666666666667
23	0.0666666666667
24	0.0888888888889
25	0.0888888888889
26	0.0888888888889
27	0.0888888888889
28	0.0888888888889
29	0.0888888888889
30	0.0888888888889
31	0.133333333333
32	0.133333333333
33	0.133333333333
34	0.133333333333
35	0.133333333333
36	0.133333333333
37	0.133333333333
38	0.133333333333
39	0.133333333333
40	0.133333333333
41	0.133333333333
42	0.133333333333
43	0.133333333333
44	0.133333333333
45	0.133333333333
46	0.133333333333
47	0.133333333333
48	0.133333333333
49	0.133333333333
50	0.133333333333
51	0.133333333333
52	0.133333333333
53	0.133333333333
54	0.133333333333
55	0.133333333333
56	0.133333333333
57	0.133333333333
58	0.133333333333
59	0.133333333333
60	0.133333333333
61	0.133333333333
62	0.133333333333
63	0.133333333333
64	0.133333333333
65	0.133333333333
66	0.133333333333
67	0.133333333333
68	0.133333333333
69	0.133333333333
70	0.133333333333
71	0.133333333333
72	0.133333333333
73	0.133333333333
74	0.177777777778
75	0.177777777778
76	0.177777777778
77	0.177777777778
78	0.177777777778
79	0.177777777778
80	0.177777777778
81	0.177777777778
82	0.177777777778
83	0.177777777778
84	0.177777777778
85	0.177777777778
86	0.177777777778
87	0.177777777778
88	0.177777777778
89	0.177777777778
90	0.177777777778
91	0.177777777778
92	0.177777777778
93	0.177777777778
94	0.177777777778
95	0.177777777778
96	0.177777777778
97	0.177777777778
98	0.177777777778
99	0.177777777778
100	0.177777777778
101	0.177777777778
102	0.177777777778
103	0.177777777778
104	0.177777777778
105	0.177777777778
106	0.177777777778
107	0.177777777778
108	0.177777777778
109	0.177777777778
110	0.177777777778
111	0.177777777778
112	0.177777777778
113	0.177777777778
114	0.177777777778
115	0.177777777778
116	0.177777777778
117	0.177777777778
118	0.177777777778
119	0.177777777778
120	0.177777777778
121	0.177777777778
122	0.177777777778
123	0.177777777778
124	0.177777777778
125	0.177777777778
126	0.177777777778
127	0.177777777778
128	0.177777777778
129	0.177777777778
130	0.177777777778
131	0.177777777778
132	0.177777777778
133	0.177777777778
134	0.177777777778
135	0.177777777778
136	0.177777777778
137	0.177777777778
138	0.177777777778
139	0.177777777778
140	0.177777777778
141	0.177777777778
142	0.177777777778
143	0.177777777778
144	0.2
145	0.2
146	0.2
147	0.2
148	0.2
149	0.2
150	0.2
151	0.2
152	0.2
153	0.2
154	0.2
155	0.2
156	0.2
157	0.2
158	0.2
159	0.2
160	0.2
161	0.2
162	0.2
163	0.2
164	0.2
165	0.2
166	0.2
167	0.2
168	0.2
169	0.2
170	0.2
171	0.2
172	0.2
173	0.2
174	0.2
175	0.2
176	0.2
177	0.2
178	0.2
179	0.2
180	0.2
181	0.2
182	0.2
183	0.2
184	0.2
185	0.2
186	0.2
187	0.2
188	0.2
189	0.2
190	0.2
191	0.2
192	0.2
193	0.2
194	0.2
195	0.2
196	0.2
197	0.2
198	0.2
199	0.2
200	0.2
201	0.2
202	0.2
203	0.2
204	0.2
205	0.2
206	0.2
207	0.2
208	0.2
209	0.2
210	0.2
211	0.2
212	0.2
213	0.2
214	0.2
215	0.2
216	0.2
217	0.2
218	0.2
219	0.2
220	0.2
221	0.2
222	0.2
223	0.2
224	0.2
225	0.2
226	0.2
227	0.2
228	0.2
229	0.2
230	0.2
231	0.266666666667
232	0.266666666667
233	0.266666666667
234	0.266666666667
235	0.266666666667
236	0.266666666667
237	0.266666666667
238	0.266666666667
239	0.266666666667
240	0.266666666667
241	0.266666666667
242	0.266666666667
243	0.266666666667
244	0.266666666667
245	0.266666666667
246	0.266666666667
247	0.266666666667
248	0.266666666667
249	0.266666666667
250	0.266666666667
251	0.266666666667
252	0.266666666667
253	0.266666666667
254	0.266666666667
255	0.266666666667
256	0.266666666667
257	0.266666666667
258	0.266666666667
259	0.266666666667
260	0.266666666667
261	0.266666666667
262	0.266666666667
263	0.266666666667
264	0.266666666667
265	0.266666666667
266	0.266666666667
267	0.266666666667
268	0.266666666667
269	0.266666666667
270	0.266666666667
271	0.266666666667
272	0.266666666667
273	0.266666666667
274	0.266666666667
275	0.266666666667
276	0.266666666667
277	0.266666666667
278	0.311111111111
279	0.311111111111
280	0.311111111111
281	0.311111111111
282	0.311111111111
283	0.311111111111
284	0.311111111111
285	0.311111111111
286	0.311111111111
287	0.311111111111
288	0.311111111111
289	0.311111111111
290	0.311111111111
291	0.311111111111
292	0.311111111111
293	0.311111111111
294	0.311111111111
295	0.311111111111
296	0.311111111111
297	0.311111111111
298	0.311111111111
299	0.311111111111
300	0.311111111111
301	0.311111111111
302	0.311111111111
303	0.311111111111
304	0.311111111111
305	0.311111111111
306	0.311111111111
307	0.311111111111
308	0.311111111111
309	0.311111111111
310	0.311111111111
311	0.311111111111
312	0.311111111111
313	0.311111111111
314	0.311111111111
315	0.311111111111
316	0.311111111111
317	0.311111111111
318	0.311111111111
319	0.311111111111
320	0.311111111111
321	0.311111111111
322	0.311111111111
323	0.311111111111
324	0.311111111111
325	0.311111111111
326	0.311111111111
327	0.311111111111
328	0.311111111111
329	0.311111111111
330	0.311111111111
331	0.311111111111
332	0.311111111111
333	0.311111111111
334	0.311111111111
335	0.311111111111
336	0.311111111111
337	0.311111111111
338	0.311111111111
339	0.311111111111
340	0.311111111111
341	0.311111111111
342	0.311111111111
343	0.311111111111
344	0.311111111111
345	0.311111111111
346	0.311111111111
347	0.311111111111
348	0.311111111111
349	0.311111111111
350	0.311111111111
