(1627500,)
(1627500,)
Input directory: /scratch/hansaim.lim/wiZAN/ZINC_data/chem_prot/numtarget_maxTc/widerange/
AUC: 0.551685869253, AUPR: 0.000373419560976, time: 3177.04376411
Rank	TPR
1	0.0
2	0.0
3	0.010752688172
4	0.0172043010753
5	0.0193548387097
6	0.0215053763441
7	0.0236559139785
8	0.0279569892473
9	0.0301075268817
10	0.0408602150538
11	0.0430107526882
12	0.0494623655914
13	0.058064516129
14	0.0774193548387
15	0.0838709677419
16	0.0838709677419
17	0.0903225806452
18	0.0903225806452
19	0.094623655914
20	0.094623655914
21	0.101075268817
22	0.103225806452
23	0.10752688172
24	0.109677419355
25	0.111827956989
26	0.111827956989
27	0.113978494624
28	0.113978494624
29	0.116129032258
30	0.120430107527
31	0.122580645161
32	0.122580645161
33	0.129032258065
34	0.129032258065
35	0.129032258065
36	0.129032258065
37	0.131182795699
38	0.131182795699
39	0.135483870968
40	0.135483870968
41	0.137634408602
42	0.141935483871
43	0.144086021505
44	0.144086021505
45	0.144086021505
46	0.144086021505
47	0.144086021505
48	0.148387096774
49	0.150537634409
50	0.150537634409
51	0.156989247312
52	0.159139784946
53	0.159139784946
54	0.159139784946
55	0.159139784946
56	0.159139784946
57	0.159139784946
58	0.161290322581
59	0.163440860215
60	0.163440860215
61	0.165591397849
62	0.165591397849
63	0.167741935484
64	0.167741935484
65	0.167741935484
66	0.167741935484
67	0.167741935484
68	0.169892473118
69	0.169892473118
70	0.169892473118
71	0.172043010753
72	0.174193548387
73	0.176344086022
74	0.176344086022
75	0.178494623656
76	0.178494623656
77	0.178494623656
78	0.178494623656
79	0.178494623656
80	0.178494623656
81	0.178494623656
82	0.182795698925
83	0.182795698925
84	0.182795698925
85	0.182795698925
86	0.182795698925
87	0.182795698925
88	0.182795698925
89	0.184946236559
90	0.184946236559
91	0.184946236559
92	0.184946236559
93	0.184946236559
94	0.187096774194
95	0.187096774194
96	0.187096774194
97	0.187096774194
98	0.189247311828
99	0.189247311828
100	0.191397849462
101	0.193548387097
102	0.195698924731
103	0.195698924731
104	0.195698924731
105	0.195698924731
106	0.197849462366
107	0.197849462366
108	0.197849462366
109	0.2
110	0.2
111	0.202150537634
112	0.202150537634
113	0.202150537634
114	0.204301075269
115	0.204301075269
116	0.204301075269
117	0.204301075269
118	0.204301075269
119	0.204301075269
120	0.204301075269
121	0.204301075269
122	0.204301075269
123	0.204301075269
124	0.204301075269
125	0.204301075269
126	0.204301075269
127	0.204301075269
128	0.204301075269
129	0.204301075269
130	0.204301075269
131	0.204301075269
132	0.204301075269
133	0.204301075269
134	0.204301075269
135	0.204301075269
136	0.204301075269
137	0.208602150538
138	0.208602150538
139	0.208602150538
140	0.212903225806
141	0.212903225806
142	0.212903225806
143	0.212903225806
144	0.212903225806
145	0.212903225806
146	0.212903225806
147	0.212903225806
148	0.212903225806
149	0.212903225806
150	0.212903225806
151	0.212903225806
152	0.212903225806
153	0.212903225806
154	0.212903225806
155	0.212903225806
156	0.212903225806
157	0.212903225806
158	0.212903225806
159	0.223655913978
160	0.223655913978
161	0.223655913978
162	0.223655913978
163	0.225806451613
164	0.225806451613
165	0.227956989247
166	0.227956989247
167	0.227956989247
168	0.227956989247
169	0.230107526882
170	0.234408602151
171	0.236559139785
172	0.236559139785
173	0.236559139785
174	0.236559139785
175	0.236559139785
176	0.236559139785
177	0.236559139785
178	0.236559139785
179	0.236559139785
180	0.236559139785
181	0.238709677419
182	0.238709677419
183	0.238709677419
184	0.238709677419
185	0.238709677419
186	0.238709677419
187	0.238709677419
188	0.238709677419
189	0.240860215054
190	0.240860215054
191	0.245161290323
192	0.245161290323
193	0.247311827957
194	0.247311827957
195	0.247311827957
196	0.247311827957
197	0.247311827957
198	0.247311827957
199	0.247311827957
200	0.247311827957
201	0.247311827957
202	0.247311827957
203	0.247311827957
204	0.247311827957
205	0.247311827957
206	0.247311827957
207	0.247311827957
208	0.247311827957
209	0.247311827957
210	0.247311827957
211	0.247311827957
212	0.247311827957
213	0.249462365591
214	0.249462365591
215	0.251612903226
216	0.25376344086
217	0.25376344086
218	0.260215053763
219	0.260215053763
220	0.262365591398
221	0.262365591398
222	0.262365591398
223	0.262365591398
224	0.262365591398
225	0.262365591398
226	0.262365591398
227	0.262365591398
228	0.262365591398
229	0.262365591398
230	0.262365591398
231	0.264516129032
232	0.264516129032
233	0.264516129032
234	0.264516129032
235	0.264516129032
236	0.264516129032
237	0.264516129032
238	0.264516129032
239	0.264516129032
240	0.264516129032
241	0.266666666667
242	0.266666666667
243	0.268817204301
244	0.268817204301
245	0.268817204301
246	0.268817204301
247	0.270967741935
248	0.270967741935
249	0.270967741935
250	0.270967741935
251	0.270967741935
252	0.270967741935
253	0.270967741935
254	0.270967741935
255	0.270967741935
256	0.270967741935
257	0.270967741935
258	0.270967741935
259	0.270967741935
260	0.270967741935
261	0.275268817204
262	0.275268817204
263	0.275268817204
264	0.275268817204
265	0.275268817204
266	0.275268817204
267	0.277419354839
268	0.277419354839
269	0.277419354839
270	0.277419354839
271	0.277419354839
272	0.277419354839
273	0.277419354839
274	0.277419354839
275	0.277419354839
276	0.277419354839
277	0.279569892473
278	0.279569892473
279	0.279569892473
280	0.279569892473
281	0.279569892473
282	0.279569892473
283	0.279569892473
284	0.279569892473
285	0.279569892473
286	0.279569892473
287	0.281720430108
288	0.283870967742
289	0.283870967742
290	0.283870967742
291	0.283870967742
292	0.283870967742
293	0.283870967742
294	0.283870967742
295	0.283870967742
296	0.283870967742
297	0.283870967742
298	0.283870967742
299	0.283870967742
300	0.283870967742
301	0.283870967742
302	0.283870967742
303	0.283870967742
304	0.283870967742
305	0.283870967742
306	0.283870967742
307	0.283870967742
308	0.283870967742
309	0.283870967742
310	0.283870967742
311	0.283870967742
312	0.283870967742
313	0.283870967742
314	0.283870967742
315	0.283870967742
316	0.283870967742
317	0.283870967742
318	0.283870967742
319	0.283870967742
320	0.283870967742
321	0.283870967742
322	0.283870967742
323	0.283870967742
324	0.283870967742
325	0.283870967742
326	0.283870967742
327	0.283870967742
328	0.283870967742
329	0.286021505376
330	0.286021505376
331	0.286021505376
332	0.286021505376
333	0.286021505376
334	0.286021505376
335	0.286021505376
336	0.286021505376
337	0.286021505376
338	0.286021505376
339	0.286021505376
340	0.286021505376
341	0.286021505376
342	0.286021505376
343	0.286021505376
344	0.286021505376
345	0.286021505376
346	0.288172043011
347	0.290322580645
348	0.290322580645
349	0.290322580645
350	0.290322580645
