Dataset: N1L1to5 Rank: 100 Iter: 300
Avg. TPR35: 0.449890710383
S.E.M. TPR35: 0.015668878415
TPR35 values:
[0.5081967213114754, 0.4918032786885246, 0.4918032786885246, 0.5245901639344263, 0.36065573770491804, 0.4098360655737705, 0.4426229508196721, 0.4098360655737705, 0.4262295081967213, 0.43333333333333335]
Rank	TPR
1	0.28078817734
2	0.364532019704
3	0.382594417077
4	0.395730706076
5	0.4039408867
6	0.407224958949
7	0.415435139573
8	0.417077175698
9	0.418719211823
10	0.422003284072
11	0.428571428571
12	0.431855500821
13	0.43842364532
14	0.43842364532
15	0.43842364532
16	0.43842364532
17	0.44170771757
18	0.44170771757
19	0.44170771757
20	0.444991789819
21	0.444991789819
22	0.448275862069
23	0.448275862069
24	0.449917898194
25	0.449917898194
26	0.449917898194
27	0.449917898194
28	0.449917898194
29	0.449917898194
30	0.449917898194
31	0.449917898194
32	0.449917898194
33	0.449917898194
34	0.449917898194
35	0.449917898194
36	0.449917898194
37	0.449917898194
38	0.449917898194
39	0.449917898194
40	0.451559934319
41	0.453201970443
42	0.453201970443
43	0.453201970443
44	0.453201970443
45	0.453201970443
46	0.454844006568
47	0.454844006568
48	0.454844006568
49	0.454844006568
50	0.454844006568
51	0.454844006568
52	0.454844006568
53	0.456486042693
54	0.456486042693
55	0.456486042693
56	0.456486042693
57	0.456486042693
58	0.456486042693
59	0.456486042693
60	0.456486042693
61	0.456486042693
62	0.458128078818
63	0.458128078818
64	0.458128078818
65	0.458128078818
66	0.458128078818
67	0.458128078818
68	0.458128078818
69	0.458128078818
70	0.459770114943
71	0.461412151067
72	0.463054187192
73	0.463054187192
74	0.463054187192
75	0.463054187192
76	0.463054187192
77	0.464696223317
78	0.464696223317
79	0.464696223317
80	0.464696223317
81	0.464696223317
82	0.464696223317
83	0.464696223317
84	0.464696223317
85	0.464696223317
86	0.464696223317
87	0.464696223317
88	0.466338259442
89	0.467980295567
90	0.467980295567
91	0.467980295567
92	0.467980295567
93	0.467980295567
94	0.467980295567
95	0.467980295567
96	0.467980295567
97	0.467980295567
98	0.467980295567
99	0.467980295567
100	0.467980295567
101	0.469622331691
102	0.469622331691
103	0.469622331691
104	0.469622331691
105	0.469622331691
106	0.469622331691
107	0.469622331691
108	0.469622331691
109	0.471264367816
110	0.471264367816
111	0.471264367816
112	0.471264367816
113	0.471264367816
114	0.471264367816
115	0.471264367816
116	0.472906403941
117	0.472906403941
118	0.472906403941
119	0.472906403941
120	0.472906403941
121	0.472906403941
122	0.474548440066
123	0.474548440066
124	0.474548440066
125	0.474548440066
126	0.474548440066
127	0.474548440066
128	0.474548440066
129	0.474548440066
130	0.474548440066
131	0.474548440066
132	0.474548440066
133	0.474548440066
134	0.474548440066
135	0.474548440066
136	0.474548440066
137	0.474548440066
138	0.474548440066
139	0.47619047619
140	0.477832512315
141	0.477832512315
142	0.477832512315
143	0.477832512315
144	0.477832512315
145	0.477832512315
146	0.477832512315
147	0.477832512315
148	0.477832512315
149	0.477832512315
150	0.477832512315
151	0.477832512315
152	0.477832512315
153	0.477832512315
154	0.477832512315
155	0.477832512315
156	0.477832512315
157	0.477832512315
158	0.477832512315
159	0.477832512315
160	0.477832512315
161	0.477832512315
162	0.477832512315
163	0.477832512315
164	0.47947454844
165	0.47947454844
166	0.47947454844
167	0.47947454844
168	0.47947454844
169	0.47947454844
170	0.47947454844
171	0.47947454844
172	0.47947454844
173	0.47947454844
174	0.47947454844
175	0.47947454844
176	0.47947454844
177	0.47947454844
178	0.47947454844
179	0.47947454844
180	0.47947454844
181	0.47947454844
182	0.47947454844
183	0.47947454844
184	0.47947454844
185	0.47947454844
186	0.47947454844
187	0.47947454844
188	0.47947454844
189	0.47947454844
190	0.47947454844
191	0.47947454844
192	0.47947454844
193	0.47947454844
194	0.47947454844
195	0.47947454844
196	0.47947454844
197	0.47947454844
198	0.47947454844
199	0.47947454844
200	0.47947454844
201	0.47947454844
202	0.47947454844
203	0.47947454844
204	0.47947454844
205	0.47947454844
206	0.47947454844
207	0.47947454844
208	0.47947454844
209	0.47947454844
210	0.47947454844
211	0.47947454844
212	0.47947454844
213	0.47947454844
214	0.47947454844
215	0.47947454844
216	0.47947454844
217	0.47947454844
218	0.47947454844
219	0.47947454844
220	0.47947454844
221	0.47947454844
222	0.47947454844
223	0.47947454844
224	0.47947454844
225	0.481116584565
226	0.481116584565
227	0.481116584565
228	0.481116584565
229	0.481116584565
230	0.481116584565
231	0.481116584565
232	0.481116584565
233	0.481116584565
234	0.481116584565
235	0.48275862069
236	0.48275862069
237	0.48275862069
238	0.48275862069
239	0.48275862069
240	0.48275862069
241	0.48275862069
242	0.48275862069
243	0.48275862069
244	0.48275862069
245	0.48275862069
246	0.48275862069
247	0.484400656814
248	0.484400656814
249	0.484400656814
250	0.486042692939
251	0.486042692939
252	0.486042692939
253	0.486042692939
254	0.486042692939
255	0.486042692939
256	0.486042692939
257	0.486042692939
258	0.486042692939
259	0.486042692939
260	0.486042692939
261	0.486042692939
262	0.486042692939
263	0.486042692939
264	0.486042692939
265	0.486042692939
266	0.486042692939
267	0.486042692939
268	0.486042692939
269	0.486042692939
270	0.486042692939
271	0.486042692939
272	0.486042692939
273	0.486042692939
274	0.486042692939
275	0.486042692939
276	0.486042692939
277	0.486042692939
278	0.486042692939
279	0.486042692939
280	0.486042692939
281	0.486042692939
282	0.486042692939
283	0.486042692939
284	0.486042692939
285	0.486042692939
286	0.486042692939
287	0.486042692939
288	0.486042692939
289	0.486042692939
290	0.486042692939
291	0.486042692939
292	0.486042692939
293	0.486042692939
294	0.486042692939
295	0.486042692939
296	0.486042692939
297	0.486042692939
298	0.486042692939
299	0.486042692939
300	0.486042692939
301	0.486042692939
302	0.486042692939
303	0.486042692939
304	0.486042692939
305	0.486042692939
306	0.486042692939
307	0.486042692939
308	0.486042692939
309	0.486042692939
310	0.486042692939
311	0.486042692939
312	0.486042692939
313	0.486042692939
314	0.486042692939
315	0.487684729064
316	0.487684729064
317	0.487684729064
318	0.487684729064
319	0.487684729064
320	0.487684729064
321	0.487684729064
322	0.487684729064
323	0.487684729064
324	0.487684729064
325	0.487684729064
326	0.487684729064
327	0.489326765189
328	0.489326765189
329	0.489326765189
330	0.490968801314
331	0.490968801314
332	0.490968801314
333	0.490968801314
334	0.490968801314
335	0.490968801314
336	0.490968801314
337	0.490968801314
338	0.490968801314
339	0.490968801314
340	0.490968801314
341	0.490968801314
342	0.490968801314
343	0.492610837438
344	0.492610837438
345	0.492610837438
346	0.492610837438
347	0.492610837438
348	0.492610837438
349	0.492610837438
350	0.492610837438
