Dataset: N2L6to10 Rank: 100 Iter: 300
Avg. TPR35: 0.73753968254
S.E.M. TPR35: 0.022735858224
TPR35 values:
[0.6944444444444444, 0.8055555555555556, 0.6666666666666666, 0.6944444444444444, 0.8285714285714286, 0.7714285714285715, 0.7428571428571429, 0.6857142857142857, 0.8571428571428571, 0.6285714285714286]
Rank	TPR
1	0.0141242937853
2	0.418079096045
3	0.522598870056
4	0.54802259887
5	0.573446327684
6	0.59604519774
7	0.612994350282
8	0.627118644068
9	0.635593220339
10	0.641242937853
11	0.652542372881
12	0.661016949153
13	0.66384180791
14	0.677966101695
15	0.677966101695
16	0.683615819209
17	0.689265536723
18	0.689265536723
19	0.689265536723
20	0.69209039548
21	0.694915254237
22	0.694915254237
23	0.703389830508
24	0.709039548023
25	0.71186440678
26	0.714689265537
27	0.717514124294
28	0.717514124294
29	0.725988700565
30	0.725988700565
31	0.725988700565
32	0.731638418079
33	0.731638418079
34	0.731638418079
35	0.737288135593
36	0.74011299435
37	0.74011299435
38	0.742937853107
39	0.742937853107
40	0.745762711864
41	0.745762711864
42	0.745762711864
43	0.745762711864
44	0.748587570621
45	0.748587570621
46	0.748587570621
47	0.748587570621
48	0.748587570621
49	0.754237288136
50	0.754237288136
51	0.754237288136
52	0.754237288136
53	0.757062146893
54	0.757062146893
55	0.757062146893
56	0.757062146893
57	0.75988700565
58	0.765536723164
59	0.765536723164
60	0.768361581921
61	0.768361581921
62	0.768361581921
63	0.774011299435
64	0.776836158192
65	0.776836158192
66	0.776836158192
67	0.776836158192
68	0.776836158192
69	0.776836158192
70	0.782485875706
71	0.785310734463
72	0.785310734463
73	0.785310734463
74	0.78813559322
75	0.790960451977
76	0.790960451977
77	0.793785310734
78	0.796610169492
79	0.799435028249
80	0.799435028249
81	0.799435028249
82	0.799435028249
83	0.799435028249
84	0.799435028249
85	0.802259887006
86	0.805084745763
87	0.805084745763
88	0.80790960452
89	0.80790960452
90	0.80790960452
91	0.80790960452
92	0.80790960452
93	0.80790960452
94	0.80790960452
95	0.80790960452
96	0.80790960452
97	0.80790960452
98	0.80790960452
99	0.80790960452
100	0.80790960452
101	0.80790960452
102	0.80790960452
103	0.80790960452
104	0.80790960452
105	0.80790960452
106	0.810734463277
107	0.810734463277
108	0.813559322034
109	0.813559322034
110	0.813559322034
111	0.813559322034
112	0.813559322034
113	0.813559322034
114	0.813559322034
115	0.816384180791
116	0.816384180791
117	0.816384180791
118	0.816384180791
119	0.816384180791
120	0.816384180791
121	0.816384180791
122	0.816384180791
123	0.819209039548
124	0.819209039548
125	0.819209039548
126	0.819209039548
127	0.819209039548
128	0.819209039548
129	0.819209039548
130	0.819209039548
131	0.819209039548
132	0.819209039548
133	0.822033898305
134	0.822033898305
135	0.824858757062
136	0.824858757062
137	0.824858757062
138	0.824858757062
139	0.824858757062
140	0.824858757062
141	0.824858757062
142	0.824858757062
143	0.824858757062
144	0.824858757062
145	0.824858757062
146	0.824858757062
147	0.824858757062
148	0.824858757062
149	0.824858757062
150	0.824858757062
151	0.824858757062
152	0.824858757062
153	0.824858757062
154	0.824858757062
155	0.824858757062
156	0.824858757062
157	0.824858757062
158	0.824858757062
159	0.824858757062
160	0.827683615819
161	0.827683615819
162	0.830508474576
163	0.830508474576
164	0.830508474576
165	0.833333333333
166	0.833333333333
167	0.833333333333
168	0.833333333333
169	0.833333333333
170	0.833333333333
171	0.833333333333
172	0.833333333333
173	0.833333333333
174	0.833333333333
175	0.83615819209
176	0.83615819209
177	0.83615819209
178	0.83615819209
179	0.83615819209
180	0.83615819209
181	0.83615819209
182	0.83615819209
183	0.83615819209
184	0.83615819209
185	0.838983050847
186	0.838983050847
187	0.838983050847
188	0.844632768362
189	0.844632768362
190	0.844632768362
191	0.844632768362
192	0.847457627119
193	0.847457627119
194	0.847457627119
195	0.847457627119
196	0.850282485876
197	0.850282485876
198	0.850282485876
199	0.850282485876
200	0.850282485876
201	0.850282485876
202	0.850282485876
203	0.853107344633
204	0.853107344633
205	0.853107344633
206	0.853107344633
207	0.853107344633
208	0.85593220339
209	0.85593220339
210	0.85593220339
211	0.85593220339
212	0.85593220339
213	0.85593220339
214	0.85593220339
215	0.85593220339
216	0.85593220339
217	0.85593220339
218	0.85593220339
219	0.85593220339
220	0.85593220339
221	0.85593220339
222	0.85593220339
223	0.85593220339
224	0.858757062147
225	0.858757062147
226	0.858757062147
227	0.858757062147
228	0.858757062147
229	0.858757062147
230	0.861581920904
231	0.867231638418
232	0.867231638418
233	0.867231638418
234	0.867231638418
235	0.867231638418
236	0.867231638418
237	0.867231638418
238	0.867231638418
239	0.867231638418
240	0.867231638418
241	0.867231638418
242	0.867231638418
243	0.867231638418
244	0.867231638418
245	0.867231638418
246	0.867231638418
247	0.867231638418
248	0.867231638418
249	0.870056497175
250	0.870056497175
251	0.870056497175
252	0.870056497175
253	0.870056497175
254	0.870056497175
255	0.870056497175
256	0.870056497175
257	0.872881355932
258	0.872881355932
259	0.872881355932
260	0.872881355932
261	0.872881355932
262	0.875706214689
263	0.875706214689
264	0.875706214689
265	0.875706214689
266	0.875706214689
267	0.875706214689
268	0.878531073446
269	0.878531073446
270	0.881355932203
271	0.881355932203
272	0.881355932203
273	0.88418079096
274	0.88418079096
275	0.88418079096
276	0.88418079096
277	0.88418079096
278	0.88418079096
279	0.88418079096
280	0.88418079096
281	0.88418079096
282	0.889830508475
283	0.889830508475
284	0.889830508475
285	0.889830508475
286	0.889830508475
287	0.892655367232
288	0.892655367232
289	0.892655367232
290	0.892655367232
291	0.892655367232
292	0.892655367232
293	0.892655367232
294	0.892655367232
295	0.892655367232
296	0.892655367232
297	0.892655367232
298	0.892655367232
299	0.892655367232
300	0.892655367232
301	0.895480225989
302	0.895480225989
303	0.895480225989
304	0.895480225989
305	0.895480225989
306	0.898305084746
307	0.898305084746
308	0.898305084746
309	0.898305084746
310	0.898305084746
311	0.898305084746
312	0.898305084746
313	0.898305084746
314	0.898305084746
315	0.898305084746
316	0.898305084746
317	0.898305084746
318	0.898305084746
319	0.898305084746
320	0.898305084746
321	0.898305084746
322	0.898305084746
323	0.898305084746
324	0.898305084746
325	0.898305084746
326	0.898305084746
327	0.898305084746
328	0.898305084746
329	0.898305084746
330	0.898305084746
331	0.898305084746
332	0.898305084746
333	0.898305084746
334	0.898305084746
335	0.898305084746
336	0.898305084746
337	0.898305084746
338	0.898305084746
339	0.898305084746
340	0.898305084746
341	0.898305084746
342	0.898305084746
343	0.898305084746
344	0.898305084746
345	0.898305084746
346	0.898305084746
347	0.898305084746
348	0.898305084746
349	0.898305084746
350	0.898305084746
