Dataset: N3L16to20 Rank: 100 Iter: 300
Avg. TPR35: 0.627078250261
S.E.M. TPR35: 0.00955713757553
TPR35 values:
[0.6644736842105263, 0.5855263157894737, 0.6381578947368421, 0.625, 0.5986842105263158, 0.5827814569536424, 0.6423841059602649, 0.6556291390728477, 0.609271523178808, 0.6688741721854304]
Rank	TPR
1	0.0
2	0.00726072607261
3	0.0712871287129
4	0.140594059406
5	0.188118811881
6	0.219801980198
7	0.249504950495
8	0.271947194719
9	0.295709570957
10	0.317491749175
11	0.347194719472
12	0.36897689769
13	0.390759075908
14	0.40396039604
15	0.427062706271
16	0.473267326733
17	0.489768976898
18	0.499669966997
19	0.511551155116
20	0.525412541254
21	0.537293729373
22	0.545874587459
23	0.553795379538
24	0.557095709571
25	0.565676567657
26	0.570297029703
27	0.581518151815
28	0.589438943894
29	0.594719471947
30	0.598679867987
31	0.602640264026
32	0.611221122112
33	0.617161716172
34	0.623102310231
35	0.627062706271
36	0.63300330033
37	0.637623762376
38	0.638283828383
39	0.639603960396
40	0.643564356436
41	0.646864686469
42	0.649504950495
43	0.652805280528
44	0.654785478548
45	0.658745874587
46	0.661386138614
47	0.667326732673
48	0.672607260726
49	0.673927392739
50	0.679207920792
51	0.682508250825
52	0.687128712871
53	0.689108910891
54	0.693069306931
55	0.695709570957
56	0.69702970297
57	0.70099009901
58	0.701650165017
59	0.701650165017
60	0.701650165017
61	0.703630363036
62	0.70495049505
63	0.708250825083
64	0.710891089109
65	0.713531353135
66	0.713531353135
67	0.714851485149
68	0.716171617162
69	0.718811881188
70	0.722112211221
71	0.725412541254
72	0.728712871287
73	0.730693069307
74	0.733333333333
75	0.734653465347
76	0.735313531353
77	0.735313531353
78	0.737293729373
79	0.737293729373
80	0.738613861386
81	0.739933993399
82	0.743894389439
83	0.745214521452
84	0.747854785479
85	0.749174917492
86	0.752475247525
87	0.753795379538
88	0.758415841584
89	0.762376237624
90	0.76501650165
91	0.76501650165
92	0.767656765677
93	0.76897689769
94	0.771617161716
95	0.771617161716
96	0.774917491749
97	0.776897689769
98	0.778877887789
99	0.780858085809
100	0.783498349835
101	0.785478547855
102	0.786798679868
103	0.788118811881
104	0.789438943894
105	0.790099009901
106	0.790759075908
107	0.791419141914
108	0.793399339934
109	0.797359735974
110	0.799339933993
111	0.8
112	0.80198019802
113	0.803300330033
114	0.804620462046
115	0.805940594059
116	0.809240924092
117	0.809900990099
118	0.812541254125
119	0.813861386139
120	0.815841584158
121	0.818481848185
122	0.821122112211
123	0.825742574257
124	0.826402640264
125	0.83102310231
126	0.83300330033
127	0.833663366337
128	0.835643564356
129	0.838943894389
130	0.838943894389
131	0.841584158416
132	0.842244224422
133	0.843564356436
134	0.844224422442
135	0.844884488449
136	0.845544554455
137	0.846864686469
138	0.848844884488
139	0.850165016502
140	0.850165016502
141	0.850825082508
142	0.851485148515
143	0.853465346535
144	0.854125412541
145	0.855445544554
146	0.857425742574
147	0.859405940594
148	0.859405940594
149	0.859405940594
150	0.860726072607
151	0.862706270627
152	0.864686468647
153	0.86600660066
154	0.868646864686
155	0.870627062706
156	0.873267326733
157	0.876567656766
158	0.878547854785
159	0.880528052805
160	0.881188118812
161	0.882508250825
162	0.882508250825
163	0.883828382838
164	0.886468646865
165	0.887128712871
166	0.888448844884
167	0.888448844884
168	0.889768976898
169	0.889768976898
170	0.890429042904
171	0.891089108911
172	0.891089108911
173	0.892409240924
174	0.892409240924
175	0.893729372937
176	0.89504950495
177	0.896369636964
178	0.897689768977
179	0.897689768977
180	0.89900990099
181	0.899669966997
182	0.90099009901
183	0.902310231023
184	0.90297029703
185	0.905610561056
186	0.905610561056
187	0.906270627063
188	0.906270627063
189	0.906270627063
190	0.907590759076
191	0.908250825083
192	0.908910891089
193	0.909570957096
194	0.909570957096
195	0.910231023102
196	0.910231023102
197	0.910231023102
198	0.910891089109
199	0.911551155116
200	0.912871287129
201	0.914851485149
202	0.915511551155
203	0.916831683168
204	0.917491749175
205	0.919471947195
206	0.920132013201
207	0.920132013201
208	0.920792079208
209	0.921452145215
210	0.921452145215
211	0.922112211221
212	0.922112211221
213	0.922112211221
214	0.922112211221
215	0.922772277228
216	0.922772277228
217	0.923432343234
218	0.924092409241
219	0.924092409241
220	0.924752475248
221	0.924752475248
222	0.924752475248
223	0.925412541254
224	0.925412541254
225	0.926732673267
226	0.926732673267
227	0.927392739274
228	0.928052805281
229	0.928712871287
230	0.928712871287
231	0.928712871287
232	0.9300330033
233	0.9300330033
234	0.930693069307
235	0.930693069307
236	0.930693069307
237	0.930693069307
238	0.931353135314
239	0.931353135314
240	0.93201320132
241	0.93399339934
242	0.935313531353
243	0.935313531353
244	0.935313531353
245	0.935313531353
246	0.937293729373
247	0.93795379538
248	0.93795379538
249	0.93795379538
250	0.93795379538
251	0.93795379538
252	0.938613861386
253	0.939273927393
254	0.939273927393
255	0.939933993399
256	0.940594059406
257	0.940594059406
258	0.940594059406
259	0.940594059406
260	0.941254125413
261	0.941254125413
262	0.941254125413
263	0.941254125413
264	0.941254125413
265	0.941254125413
266	0.941254125413
267	0.941254125413
268	0.941254125413
269	0.941254125413
270	0.941254125413
271	0.941254125413
272	0.941914191419
273	0.941914191419
274	0.942574257426
275	0.943234323432
276	0.943234323432
277	0.943234323432
278	0.943894389439
279	0.944554455446
280	0.944554455446
281	0.944554455446
282	0.944554455446
283	0.944554455446
284	0.944554455446
285	0.944554455446
286	0.944554455446
287	0.944554455446
288	0.944554455446
289	0.944554455446
290	0.945214521452
291	0.945214521452
292	0.945214521452
293	0.945874587459
294	0.945874587459
295	0.945874587459
296	0.945874587459
297	0.945874587459
298	0.946534653465
299	0.946534653465
300	0.946534653465
301	0.946534653465
302	0.946534653465
303	0.947194719472
304	0.947194719472
305	0.947194719472
306	0.947854785479
307	0.947854785479
308	0.947854785479
309	0.949174917492
310	0.950495049505
311	0.950495049505
312	0.950495049505
313	0.950495049505
314	0.951155115512
315	0.951155115512
316	0.951155115512
317	0.951155115512
318	0.951155115512
319	0.951155115512
320	0.951155115512
321	0.951815181518
322	0.951815181518
323	0.951815181518
324	0.952475247525
325	0.952475247525
326	0.952475247525
327	0.952475247525
328	0.952475247525
329	0.952475247525
330	0.953795379538
331	0.954455445545
332	0.954455445545
333	0.955115511551
334	0.955115511551
335	0.955115511551
336	0.955115511551
337	0.955115511551
338	0.955115511551
339	0.955115511551
340	0.955115511551
341	0.955775577558
342	0.955775577558
343	0.955775577558
344	0.955775577558
345	0.955775577558
346	0.955775577558
347	0.955775577558
348	0.955775577558
349	0.955775577558
350	0.955775577558
