Dataset: N3L11to15 Rank: 100 Iter: 300
Avg. TPR35: 0.558602150538
S.E.M. TPR35: 0.0090107911822
TPR35 values:
[0.553763440860215, 0.510752688172043, 0.5698924731182796, 0.5268817204301075, 0.553763440860215, 0.6021505376344086, 0.532258064516129, 0.6021505376344086, 0.5698924731182796, 0.5645161290322581]
Rank	TPR
1	0.0
2	0.00322580645161
3	0.0489247311828
4	0.11935483871
5	0.177956989247
6	0.227956989247
7	0.265591397849
8	0.287634408602
9	0.304838709677
10	0.324193548387
11	0.346774193548
12	0.362365591398
13	0.381720430108
14	0.390860215054
15	0.401612903226
16	0.414516129032
17	0.425268817204
18	0.436021505376
19	0.453225806452
20	0.462365591398
21	0.474193548387
22	0.483333333333
23	0.493548387097
24	0.499462365591
25	0.504838709677
26	0.510752688172
27	0.52311827957
28	0.530107526882
29	0.536021505376
30	0.538709677419
31	0.541397849462
32	0.546774193548
33	0.550537634409
34	0.555913978495
35	0.558602150538
36	0.562903225806
37	0.565591397849
38	0.567741935484
39	0.572043010753
40	0.576344086022
41	0.576344086022
42	0.578494623656
43	0.580107526882
44	0.581182795699
45	0.585483870968
46	0.588172043011
47	0.590860215054
48	0.59247311828
49	0.593548387097
50	0.59623655914
51	0.602150537634
52	0.604838709677
53	0.605913978495
54	0.60752688172
55	0.610752688172
56	0.612365591398
57	0.613978494624
58	0.614516129032
59	0.615053763441
60	0.616666666667
61	0.617204301075
62	0.618279569892
63	0.61935483871
64	0.621505376344
65	0.624193548387
66	0.625268817204
67	0.627419354839
68	0.627419354839
69	0.629569892473
70	0.632258064516
71	0.633333333333
72	0.635483870968
73	0.638172043011
74	0.638709677419
75	0.639784946237
76	0.640860215054
77	0.640860215054
78	0.643010752688
79	0.645161290323
80	0.645698924731
81	0.647311827957
82	0.648924731183
83	0.649462365591
84	0.651075268817
85	0.65376344086
86	0.654838709677
87	0.656989247312
88	0.656989247312
89	0.659677419355
90	0.661290322581
91	0.665591397849
92	0.667741935484
93	0.669892473118
94	0.672580645161
95	0.676344086022
96	0.678494623656
97	0.68064516129
98	0.681720430108
99	0.683333333333
100	0.686021505376
101	0.688172043011
102	0.691397849462
103	0.693548387097
104	0.695698924731
105	0.698924731183
106	0.700537634409
107	0.700537634409
108	0.702688172043
109	0.703225806452
110	0.705376344086
111	0.706451612903
112	0.708064516129
113	0.708602150538
114	0.710752688172
115	0.713440860215
116	0.715591397849
117	0.718279569892
118	0.720430107527
119	0.721505376344
120	0.722580645161
121	0.724193548387
122	0.725268817204
123	0.727956989247
124	0.727956989247
125	0.73064516129
126	0.73064516129
127	0.733333333333
128	0.734946236559
129	0.737096774194
130	0.738709677419
131	0.739247311828
132	0.740322580645
133	0.743010752688
134	0.744086021505
135	0.746774193548
136	0.748924731183
137	0.75
138	0.752150537634
139	0.754838709677
140	0.755913978495
141	0.75752688172
142	0.759677419355
143	0.762903225806
144	0.763978494624
145	0.766129032258
146	0.767741935484
147	0.768817204301
148	0.770430107527
149	0.772043010753
150	0.774731182796
151	0.778494623656
152	0.781720430108
153	0.785483870968
154	0.787634408602
155	0.795161290323
156	0.798387096774
157	0.806989247312
158	0.814516129032
159	0.817204301075
160	0.820967741935
161	0.824193548387
162	0.82688172043
163	0.828494623656
164	0.828494623656
165	0.830107526882
166	0.83064516129
167	0.832258064516
168	0.835483870968
169	0.837096774194
170	0.837634408602
171	0.838709677419
172	0.840322580645
173	0.84247311828
174	0.84247311828
175	0.843010752688
176	0.844086021505
177	0.84623655914
178	0.849462365591
179	0.85
180	0.850537634409
181	0.85376344086
182	0.855376344086
183	0.85752688172
184	0.858602150538
185	0.859677419355
186	0.861827956989
187	0.861827956989
188	0.862365591398
189	0.863440860215
190	0.864516129032
191	0.865591397849
192	0.865591397849
193	0.867204301075
194	0.868279569892
195	0.86935483871
196	0.869892473118
197	0.869892473118
198	0.870967741935
199	0.872043010753
200	0.872043010753
201	0.87311827957
202	0.874731182796
203	0.875268817204
204	0.875806451613
205	0.876344086022
206	0.87688172043
207	0.877419354839
208	0.877956989247
209	0.877956989247
210	0.877956989247
211	0.879032258065
212	0.879569892473
213	0.879569892473
214	0.879569892473
215	0.88064516129
216	0.88064516129
217	0.881182795699
218	0.881720430108
219	0.883333333333
220	0.885483870968
221	0.885483870968
222	0.886559139785
223	0.887096774194
224	0.888172043011
225	0.888709677419
226	0.889784946237
227	0.890860215054
228	0.891935483871
229	0.891935483871
230	0.894086021505
231	0.895161290323
232	0.89623655914
233	0.897311827957
234	0.898387096774
235	0.899462365591
236	0.9
237	0.902150537634
238	0.902150537634
239	0.902688172043
240	0.902688172043
241	0.903225806452
242	0.90376344086
243	0.90376344086
244	0.90376344086
245	0.905913978495
246	0.906451612903
247	0.906451612903
248	0.906451612903
249	0.906989247312
250	0.90752688172
251	0.90752688172
252	0.908602150538
253	0.909139784946
254	0.909139784946
255	0.909139784946
256	0.910752688172
257	0.910752688172
258	0.910752688172
259	0.910752688172
260	0.911290322581
261	0.911827956989
262	0.911827956989
263	0.913440860215
264	0.913440860215
265	0.913440860215
266	0.913978494624
267	0.913978494624
268	0.914516129032
269	0.915053763441
270	0.915053763441
271	0.915591397849
272	0.915591397849
273	0.916129032258
274	0.916129032258
275	0.916666666667
276	0.917204301075
277	0.917204301075
278	0.917204301075
279	0.917204301075
280	0.917204301075
281	0.917204301075
282	0.917204301075
283	0.917204301075
284	0.917741935484
285	0.917741935484
286	0.917741935484
287	0.917741935484
288	0.917741935484
289	0.918279569892
290	0.918817204301
291	0.918817204301
292	0.91935483871
293	0.91935483871
294	0.91935483871
295	0.91935483871
296	0.91935483871
297	0.919892473118
298	0.920967741935
299	0.920967741935
300	0.920967741935
301	0.920967741935
302	0.921505376344
303	0.922043010753
304	0.922580645161
305	0.922580645161
306	0.922580645161
307	0.923655913978
308	0.923655913978
309	0.923655913978
310	0.923655913978
311	0.923655913978
312	0.924731182796
313	0.924731182796
314	0.924731182796
315	0.924731182796
316	0.925268817204
317	0.926344086022
318	0.926344086022
319	0.927419354839
320	0.927956989247
321	0.927956989247
322	0.927956989247
323	0.927956989247
324	0.928494623656
325	0.928494623656
326	0.928494623656
327	0.929032258065
328	0.929569892473
329	0.929569892473
330	0.929569892473
331	0.930107526882
332	0.931182795699
333	0.931182795699
334	0.931720430108
335	0.932258064516
336	0.932795698925
337	0.933870967742
338	0.933870967742
339	0.933870967742
340	0.934946236559
341	0.934946236559
342	0.934946236559
343	0.936021505376
344	0.936021505376
345	0.936021505376
346	0.936021505376
347	0.937096774194
348	0.937096774194
349	0.937096774194
350	0.937096774194
