Reading training instances  ../ZINC_data/chem_prot/NTNL/N2/L16to20/train1.csv
Reading test instances :  ../ZINC_data/chem_prot/NTNL/N2/L16to20/test1.csv
Reading training instances  ../ZINC_data/chem_prot/NTNL/N2/L16to20/train2.csv
Reading test instances :  ../ZINC_data/chem_prot/NTNL/N2/L16to20/test2.csv
Reading training instances  ../ZINC_data/chem_prot/NTNL/N2/L16to20/train3.csv
Reading test instances :  ../ZINC_data/chem_prot/NTNL/N2/L16to20/test3.csv
Reading training instances  ../ZINC_data/chem_prot/NTNL/N2/L16to20/train4.csv
Reading test instances :  ../ZINC_data/chem_prot/NTNL/N2/L16to20/test4.csv
Reading training instances  ../ZINC_data/chem_prot/NTNL/N2/L16to20/train5.csv
Reading test instances :  ../ZINC_data/chem_prot/NTNL/N2/L16to20/test5.csv
Reading training instances  ../ZINC_data/chem_prot/NTNL/N2/L16to20/train6.csv
Reading test instances :  ../ZINC_data/chem_prot/NTNL/N2/L16to20/test6.csv
Reading training instances  ../ZINC_data/chem_prot/NTNL/N2/L16to20/train7.csv
Reading test instances :  ../ZINC_data/chem_prot/NTNL/N2/L16to20/test7.csv
Reading training instances  ../ZINC_data/chem_prot/NTNL/N2/L16to20/train8.csv
Reading test instances :  ../ZINC_data/chem_prot/NTNL/N2/L16to20/test8.csv
Reading training instances  ../ZINC_data/chem_prot/NTNL/N2/L16to20/train9.csv
Reading test instances :  ../ZINC_data/chem_prot/NTNL/N2/L16to20/test9.csv
Reading training instances  ../ZINC_data/chem_prot/NTNL/N2/L16to20/train10.csv
Reading test instances :  ../ZINC_data/chem_prot/NTNL/N2/L16to20/test10.csv
Dataset=N2L16to20, Avg.TPR35=0.832266009852, S.E.M.TPR35=0.0218295255466
[0.7931034482758621, 0.7241379310344828, 0.8620689655172413, 0.9310344827586207, 0.7586206896551724, 0.896551724137931, 0.7857142857142857, 0.9285714285714286, 0.7857142857142857, 0.8571428571428571]
Rank	TPR
1	0.0
2	0.041958041958
3	0.65034965035
4	0.699300699301
5	0.744755244755
6	0.755244755245
7	0.758741258741
8	0.769230769231
9	0.776223776224
10	0.776223776224
11	0.79020979021
12	0.79020979021
13	0.800699300699
14	0.800699300699
15	0.804195804196
16	0.807692307692
17	0.814685314685
18	0.814685314685
19	0.818181818182
20	0.818181818182
21	0.818181818182
22	0.821678321678
23	0.821678321678
24	0.821678321678
25	0.821678321678
26	0.825174825175
27	0.825174825175
28	0.828671328671
29	0.828671328671
30	0.828671328671
31	0.832167832168
32	0.832167832168
33	0.832167832168
34	0.832167832168
35	0.832167832168
36	0.832167832168
37	0.832167832168
38	0.832167832168
39	0.832167832168
40	0.832167832168
41	0.832167832168
42	0.832167832168
43	0.832167832168
44	0.832167832168
45	0.832167832168
46	0.832167832168
47	0.835664335664
48	0.835664335664
49	0.835664335664
50	0.835664335664
51	0.835664335664
52	0.835664335664
53	0.835664335664
54	0.835664335664
55	0.835664335664
56	0.835664335664
57	0.835664335664
58	0.835664335664
59	0.835664335664
60	0.835664335664
61	0.835664335664
62	0.835664335664
63	0.835664335664
64	0.835664335664
65	0.839160839161
66	0.839160839161
67	0.839160839161
68	0.839160839161
69	0.839160839161
70	0.839160839161
71	0.839160839161
72	0.839160839161
73	0.839160839161
74	0.839160839161
75	0.839160839161
76	0.839160839161
77	0.839160839161
78	0.839160839161
79	0.839160839161
80	0.839160839161
81	0.842657342657
82	0.842657342657
83	0.842657342657
84	0.842657342657
85	0.842657342657
86	0.842657342657
87	0.842657342657
88	0.842657342657
89	0.842657342657
90	0.842657342657
91	0.842657342657
92	0.842657342657
93	0.842657342657
94	0.842657342657
95	0.842657342657
96	0.842657342657
97	0.842657342657
98	0.842657342657
99	0.842657342657
100	0.842657342657
101	0.842657342657
102	0.842657342657
103	0.842657342657
104	0.846153846154
105	0.846153846154
106	0.84965034965
107	0.853146853147
108	0.856643356643
109	0.856643356643
110	0.856643356643
111	0.863636363636
112	0.863636363636
113	0.863636363636
114	0.863636363636
115	0.863636363636
116	0.863636363636
117	0.863636363636
118	0.863636363636
119	0.863636363636
120	0.863636363636
121	0.863636363636
122	0.863636363636
123	0.863636363636
124	0.863636363636
125	0.863636363636
126	0.863636363636
127	0.863636363636
128	0.863636363636
129	0.863636363636
130	0.863636363636
131	0.863636363636
132	0.863636363636
133	0.863636363636
134	0.863636363636
135	0.863636363636
136	0.863636363636
137	0.867132867133
138	0.867132867133
139	0.867132867133
140	0.867132867133
141	0.867132867133
142	0.867132867133
143	0.867132867133
144	0.870629370629
145	0.874125874126
146	0.874125874126
147	0.874125874126
148	0.874125874126
149	0.874125874126
150	0.874125874126
151	0.874125874126
152	0.877622377622
153	0.877622377622
154	0.877622377622
155	0.877622377622
156	0.877622377622
157	0.877622377622
158	0.877622377622
159	0.877622377622
160	0.877622377622
161	0.877622377622
162	0.877622377622
163	0.877622377622
164	0.877622377622
165	0.877622377622
166	0.877622377622
167	0.877622377622
168	0.877622377622
169	0.877622377622
170	0.877622377622
171	0.877622377622
172	0.877622377622
173	0.877622377622
174	0.877622377622
175	0.877622377622
176	0.877622377622
177	0.877622377622
178	0.877622377622
179	0.877622377622
180	0.877622377622
181	0.877622377622
182	0.877622377622
183	0.877622377622
184	0.877622377622
185	0.877622377622
186	0.877622377622
187	0.877622377622
188	0.877622377622
189	0.881118881119
190	0.881118881119
191	0.881118881119
192	0.881118881119
193	0.881118881119
194	0.881118881119
195	0.881118881119
196	0.881118881119
197	0.881118881119
198	0.881118881119
199	0.881118881119
200	0.881118881119
201	0.881118881119
202	0.881118881119
203	0.881118881119
204	0.881118881119
205	0.881118881119
206	0.884615384615
207	0.884615384615
208	0.884615384615
209	0.884615384615
210	0.884615384615
211	0.884615384615
212	0.884615384615
213	0.884615384615
214	0.884615384615
215	0.884615384615
216	0.884615384615
217	0.884615384615
218	0.884615384615
219	0.884615384615
220	0.884615384615
221	0.884615384615
222	0.884615384615
223	0.884615384615
224	0.884615384615
225	0.884615384615
226	0.884615384615
227	0.884615384615
228	0.884615384615
229	0.884615384615
230	0.884615384615
231	0.884615384615
232	0.884615384615
233	0.884615384615
234	0.884615384615
235	0.884615384615
236	0.884615384615
237	0.884615384615
238	0.884615384615
239	0.884615384615
240	0.884615384615
241	0.884615384615
242	0.884615384615
243	0.884615384615
244	0.884615384615
245	0.884615384615
246	0.884615384615
247	0.884615384615
248	0.884615384615
249	0.884615384615
250	0.884615384615
251	0.884615384615
252	0.884615384615
253	0.884615384615
254	0.884615384615
255	0.884615384615
256	0.884615384615
257	0.884615384615
258	0.884615384615
259	0.884615384615
260	0.884615384615
261	0.884615384615
262	0.884615384615
263	0.884615384615
264	0.884615384615
265	0.884615384615
266	0.884615384615
267	0.884615384615
268	0.884615384615
269	0.884615384615
270	0.884615384615
271	0.884615384615
272	0.884615384615
273	0.884615384615
274	0.884615384615
275	0.884615384615
276	0.884615384615
277	0.884615384615
278	0.884615384615
279	0.884615384615
280	0.884615384615
281	0.884615384615
282	0.884615384615
283	0.884615384615
284	0.884615384615
285	0.884615384615
286	0.884615384615
287	0.884615384615
288	0.884615384615
289	0.884615384615
290	0.884615384615
291	0.884615384615
292	0.884615384615
293	0.884615384615
294	0.884615384615
295	0.884615384615
296	0.884615384615
297	0.884615384615
298	0.884615384615
299	0.884615384615
300	0.884615384615
301	0.884615384615
302	0.884615384615
303	0.884615384615
304	0.884615384615
305	0.884615384615
306	0.884615384615
307	0.884615384615
308	0.884615384615
309	0.884615384615
310	0.884615384615
311	0.884615384615
312	0.884615384615
313	0.884615384615
314	0.884615384615
315	0.884615384615
316	0.884615384615
317	0.884615384615
318	0.884615384615
319	0.888111888112
320	0.888111888112
321	0.888111888112
322	0.888111888112
323	0.888111888112
324	0.888111888112
325	0.888111888112
326	0.888111888112
327	0.888111888112
328	0.888111888112
329	0.888111888112
330	0.888111888112
331	0.888111888112
332	0.888111888112
333	0.888111888112
334	0.888111888112
335	0.888111888112
336	0.888111888112
337	0.888111888112
338	0.888111888112
339	0.888111888112
340	0.888111888112
341	0.888111888112
342	0.888111888112
343	0.888111888112
344	0.888111888112
345	0.888111888112
346	0.888111888112
347	0.888111888112
348	0.888111888112
349	0.888111888112
350	0.895104895105
