numTrees	numPredictors	Correlation_Pvalue
20	1	0.04565324433
20	208	8.507699541e-05
20	415	1.473464231e-05
20	622	7.783294083e-06
20	829	1.546768915e-05
20	1036	1.941200507e-07
20	1243	1.717257004e-05
20	1450	0.001497458024
20	1657	6.221510734e-07
20	1864	0.001119576096
20	2071	2.813876412e-07
40	1	0.004697048071
40	208	2.040144012e-06
40	415	4.294552623e-05
40	622	4.322974702e-06
40	829	1.817249841e-07
40	1036	1.993867133e-07
40	1243	5.534084097e-09
40	1450	5.814179628e-07
40	1657	1.00753464e-05
40	1864	3.535645674e-06
40	2071	1.734517686e-06
60	1	0.2042239725
60	208	0.0007531686278
60	415	4.96999351e-08
60	622	1.435624779e-06
60	829	5.832088897e-07
60	1036	3.4001196e-06
60	1243	3.477038839e-10
60	1450	2.362122359e-08
60	1657	6.956159669e-08
60	1864	3.392039878e-08
60	2071	1.099183543e-07
80	1	0.02804209805
80	208	2.34357026e-07
80	415	1.27941817e-06
80	622	3.876529135e-06
80	829	1.528848106e-07
80	1036	4.953716584e-08
80	1243	4.535045666e-06
80	1450	2.155217006e-08
80	1657	5.058270055e-08
80	1864	1.269660405e-08
80	2071	2.5007018e-08
100	1	0.05114220527
100	208	1.72464251e-07
100	415	6.682990273e-07
100	622	1.121176315e-08
100	829	3.149531548e-06
100	1036	1.148201451e-07
100	1243	9.2506203e-08
100	1450	3.097116179e-07
100	1657	3.588554387e-08
100	1864	3.219853546e-07
100	2071	1.924459384e-06
120	1	0.001821016685
120	208	1.415616603e-06
120	415	6.399286246e-06
120	622	3.978543774e-09
120	829	9.169053311e-08
120	1036	4.010455061e-06
120	1243	1.082940929e-09
120	1450	5.166141821e-07
120	1657	2.603084833e-09
120	1864	6.31750136e-07
120	2071	2.470615515e-08
140	1	0.02441894845
140	208	3.61022698e-07
140	415	4.812639087e-08
140	622	3.560750833e-07
140	829	4.606412092e-07
140	1036	1.261994217e-08
140	1243	1.901732497e-07
140	1450	2.799323781e-08
140	1657	2.456416372e-07
140	1864	4.084626774e-08
140	2071	1.450823876e-08
160	1	0.02250881746
160	208	1.126064876e-06
160	415	1.096347318e-07
160	622	1.130329498e-07
160	829	5.199132632e-07
160	1036	7.420565358e-08
160	1243	2.079624258e-08
160	1450	5.237933919e-08
160	1657	4.074003625e-08
160	1864	1.536172867e-07
160	2071	1.146984905e-08
180	1	0.01067617417
180	208	3.645928956e-07
180	415	2.740121809e-07
180	622	2.675288977e-07
180	829	3.271142904e-08
180	1036	4.411274479e-07
180	1243	2.081955566e-08
180	1450	2.773450813e-09
180	1657	4.054328976e-08
180	1864	1.470754401e-08
180	2071	2.833797026e-08
200	1	0.006095279684
200	208	8.497393314e-07
200	415	5.472039028e-08
200	622	9.352036446e-08
200	829	1.772019441e-07
200	1036	1.84265322e-07
200	1243	1.535828284e-08
200	1450	2.718982488e-08
200	1657	1.983213601e-08
200	1864	5.317992734e-08
200	2071	1.844751375e-07
220	1	0.003413384724
220	208	3.244087082e-06
220	415	2.157892427e-06
220	622	6.340113012e-07
220	829	8.172501059e-07
220	1036	1.417279321e-07
220	1243	1.168599679e-07
220	1450	4.986190645e-09
220	1657	1.184156877e-08
220	1864	1.736361817e-06
220	2071	3.918766737e-09
240	1	0.005971374677
240	208	3.412517081e-06
240	415	3.550184396e-07
240	622	7.033636753e-07
240	829	1.425365848e-07
240	1036	4.866908262e-08
240	1243	9.898062245e-08
240	1450	2.018842588e-09
240	1657	4.536755604e-07
240	1864	6.475523282e-08
240	2071	3.019350299e-08
260	1	0.00629680714
260	208	8.992048583e-07
260	415	1.612504818e-07
260	622	1.042120212e-07
260	829	5.668703016e-08
260	1036	5.860680836e-09
260	1243	2.747971256e-08
260	1450	1.245806201e-07
260	1657	3.229212723e-08
260	1864	7.191578039e-09
260	2071	8.010825668e-09
280	1	0.004739839269
280	208	2.552260092e-07
280	415	5.890189954e-07
280	622	4.252606984e-07
280	829	8.232556111e-08
280	1036	1.882309737e-08
280	1243	1.152745772e-08
280	1450	8.381991357e-09
280	1657	1.607143166e-07
280	1864	3.010058989e-09
280	2071	6.472772356e-08
300	1	0.01897188672
300	208	3.031667726e-06
300	415	8.801527619e-07
300	622	3.577833619e-07
300	829	3.609943317e-07
300	1036	7.21561338e-08
300	1243	8.716867422e-09
300	1450	5.896587007e-08
300	1657	1.608883449e-08
300	1864	1.498589599e-08
300	2071	1.34269315e-08
320	1	0.01752332763
320	208	1.16877865e-06
320	415	7.422732433e-07
320	622	4.918053115e-07
320	829	6.256386369e-08
320	1036	5.15753288e-08
320	1243	6.998357215e-09
320	1450	8.798462517e-08
320	1657	2.070749982e-08
320	1864	3.640494768e-08
320	2071	1.980660162e-08
340	1	0.02707600556
340	208	6.621555812e-07
340	415	1.098231224e-06
340	622	4.919672137e-07
340	829	6.476739567e-08
340	1036	1.216530996e-07
340	1243	1.741825303e-08
340	1450	1.594953334e-07
340	1657	4.024957693e-09
340	1864	6.838551934e-09
340	2071	2.467323965e-08
360	1	0.01787139823
360	208	1.733763932e-07
360	415	1.099420438e-06
360	622	6.555654455e-08
360	829	4.266095802e-08
360	1036	1.696178631e-07
360	1243	3.615554572e-08
360	1450	3.064510616e-08
360	1657	2.795792954e-08
360	1864	5.015413334e-08
360	2071	1.538933372e-08
380	1	0.02608382111
380	208	3.581890426e-07
380	415	2.361774142e-07
380	622	7.836784105e-08
380	829	2.21672702e-08
380	1036	2.293866474e-07
380	1243	1.423853176e-08
380	1450	9.325295637e-09
380	1657	1.838415298e-08
380	1864	1.586063174e-08
380	2071	3.897135268e-08
400	1	0.01875473102
400	208	1.737413279e-06
400	415	3.75732406e-07
400	622	6.136150241e-08
400	829	3.340216632e-07
400	1036	3.948522734e-08
400	1243	1.023081939e-07
400	1450	2.820045904e-08
400	1657	9.48436203e-09
400	1864	2.053894816e-08
400	2071	2.782250211e-08
420	1	0.01185549982
420	208	1.295371384e-06
420	415	6.9926558e-08
420	622	2.185227083e-07
420	829	6.758537704e-09
420	1036	6.230883388e-08
420	1243	4.584110026e-09
420	1450	6.777815205e-09
420	1657	1.731657992e-08
420	1864	6.864008285e-09
420	2071	1.918254302e-08
440	1	0.03929959594
440	208	1.315479194e-07
440	415	1.454365388e-07
440	622	2.205689223e-07
440	829	3.673878345e-08
440	1036	1.180673412e-08
440	1243	5.032332508e-08
440	1450	2.405357254e-08
440	1657	1.115957353e-07
440	1864	5.731153905e-08
440	2071	6.172715125e-09
460	1	0.003313427286
460	208	1.383439799e-06
460	415	2.052268855e-07
460	622	4.011430585e-08
460	829	2.931166339e-08
460	1036	1.602778141e-07
460	1243	1.00764931e-07
460	1450	3.190056944e-08
460	1657	6.871953417e-09
460	1864	2.336678688e-08
460	2071	5.289904691e-08
480	1	0.003175547352
480	208	1.8484159e-06
480	415	7.109938367e-08
480	622	4.582824727e-08
480	829	1.638920911e-07
480	1036	6.050675065e-08
480	1243	8.76609164e-08
480	1450	1.234049581e-08
480	1657	2.722436092e-08
480	1864	6.627091558e-09
480	2071	1.031932329e-08
500	1	0.008247485292
500	208	9.287372277e-07
500	415	2.341175292e-07
500	622	2.226264308e-08
500	829	7.1106979e-08
500	1036	1.505084719e-08
500	1243	6.986949948e-08
500	1450	9.157259149e-09
500	1657	7.28077911e-08
500	1864	4.655637205e-08
500	2071	7.532974903e-09
