   Rank	    TPR
1	0.265233
2	0.3775388
3	0.4456392
4	0.4886499
5	0.5113501
6	0.5388292
7	0.5471924
8	0.5639188
9	0.572282
10	0.5854241
11	0.5902031
12	0.5902031
13	0.5973716
14	0.60454
15	0.6057348
16	0.609319
17	0.6164875
18	0.6164875
19	0.6200717
20	0.6260454
21	0.6320191
22	0.6344086
23	0.6367981
24	0.6391876
25	0.6391876
26	0.6427718
27	0.646356
28	0.6487455
29	0.6523297
30	0.6535245
31	0.6547192
32	0.655914
33	0.655914
34	0.655914
35	0.655914
36	0.6583035
37	0.6583035
38	0.6583035
39	0.6594982
40	0.6618877
41	0.6642772
42	0.6642772
43	0.6666667
44	0.6690562
45	0.6690562
46	0.6702509
47	0.6702509
48	0.6726404
49	0.6738351
50	0.6750299
51	0.6762246
52	0.6762246
53	0.6786141
54	0.6786141
55	0.6810036
56	0.6810036
57	0.6810036
58	0.6810036
59	0.6833931
60	0.6833931
61	0.6833931
62	0.6845878
63	0.6869773
64	0.6869773
65	0.6869773
66	0.6869773
67	0.688172
68	0.688172
69	0.688172
70	0.6893668
71	0.6893668
72	0.6893668
73	0.6905615
74	0.6905615
75	0.692951
76	0.692951
77	0.692951
78	0.6953405
79	0.6953405
80	0.69773
81	0.69773
82	0.6989247
83	0.6989247
84	0.6989247
85	0.7001195
86	0.7001195
87	0.702509
88	0.702509
89	0.702509
90	0.7037037
91	0.7037037
92	0.7037037
93	0.7048984
94	0.7048984
95	0.7048984
96	0.7060932
97	0.7072879
98	0.7072879
99	0.7072879
100	0.7084827
101	0.7084827
102	0.7120669
103	0.7132616
104	0.7144564
105	0.7168459
106	0.7168459
107	0.7168459
108	0.7168459
109	0.7168459
110	0.7180406
111	0.7192354
112	0.7204301
113	0.7204301
114	0.7216249
115	0.7216249
116	0.7228196
117	0.7240143
118	0.7252091
119	0.7264038
120	0.7264038
121	0.7264038
122	0.7275986
123	0.7275986
124	0.7287933
125	0.7299881
126	0.7299881
127	0.7299881
128	0.7299881
129	0.7299881
130	0.7299881
131	0.7299881
132	0.7311828
133	0.7311828
134	0.734767
135	0.734767
136	0.734767
137	0.7359618
138	0.7359618
139	0.7359618
140	0.7359618
141	0.7359618
142	0.7359618
143	0.7359618
144	0.7359618
145	0.7359618
146	0.7359618
147	0.7371565
148	0.7371565
149	0.7371565
150	0.7383513
151	0.7383513
152	0.739546
153	0.739546
154	0.739546
155	0.739546
156	0.739546
157	0.739546
158	0.739546
159	0.739546
160	0.739546
161	0.739546
162	0.7419355
163	0.7419355
164	0.7419355
165	0.7419355
166	0.7419355
167	0.7419355
168	0.7419355
169	0.7419355
170	0.7419355
171	0.7419355
172	0.7419355
173	0.7419355
174	0.7431302
175	0.7455197
176	0.7455197
177	0.7467145
178	0.7467145
179	0.7467145
180	0.7467145
181	0.7479092
182	0.7479092
183	0.7479092
184	0.7479092
185	0.7491039
186	0.7502987
187	0.7514934
188	0.7514934
189	0.7538829
190	0.7538829
191	0.7538829
192	0.7538829
193	0.7538829
194	0.7562724
195	0.7562724
196	0.7562724
197	0.7562724
198	0.7562724
199	0.7574671
200	0.7574671
201	0.7574671
202	0.7586619
203	0.7586619
204	0.7586619
205	0.7586619
206	0.7586619
207	0.7598566
208	0.7598566
209	0.7598566
210	0.7598566
211	0.7598566
212	0.7598566
213	0.7598566
214	0.7598566
215	0.7598566
216	0.7598566
217	0.7610514
218	0.7610514
219	0.7610514
220	0.7610514
221	0.7634409
222	0.7646356
223	0.7646356
224	0.7658303
225	0.7658303
226	0.7670251
227	0.7670251
228	0.7670251
229	0.7682198
230	0.7682198
231	0.7682198
232	0.7682198
233	0.7694146
234	0.7694146
235	0.7694146
236	0.7694146
237	0.7694146
238	0.7694146
239	0.7706093
240	0.7706093
241	0.7706093
242	0.7718041
243	0.7718041
244	0.7718041
245	0.7718041
246	0.7718041
247	0.7718041
248	0.7718041
249	0.7729988
250	0.7729988
251	0.7753883
252	0.7753883
253	0.7753883
254	0.7753883
255	0.7753883
256	0.7753883
257	0.776583
258	0.776583
259	0.7777778
260	0.7777778
261	0.7789725
262	0.7789725
263	0.7789725
264	0.7801673
265	0.7801673
266	0.7801673
267	0.7801673
268	0.781362
269	0.781362
270	0.781362
271	0.781362
272	0.7825568
273	0.7825568
274	0.7825568
275	0.7837515
276	0.7849462
277	0.7849462
278	0.7849462
279	0.786141
280	0.786141
281	0.786141
282	0.7873357
283	0.7873357
284	0.7873357
285	0.7873357
286	0.7873357
287	0.7873357
288	0.7873357
289	0.7873357
290	0.7873357
291	0.7885305
292	0.7885305
293	0.79092
294	0.79092
295	0.79092
296	0.7921147
297	0.7933094
298	0.7933094
299	0.7933094
300	0.7933094
301	0.7945042
302	0.7956989
303	0.7968937
304	0.7968937
305	0.7968937
306	0.7968937
307	0.7968937
308	0.7968937
309	0.7968937
310	0.7968937
311	0.7968937
312	0.7968937
313	0.7968937
314	0.7968937
315	0.7968937
316	0.7968937
317	0.7968937
318	0.7968937
319	0.7968937
320	0.7968937
321	0.7968937
322	0.7968937
323	0.7968937
324	0.7980884
325	0.7992832
326	0.8004779
327	0.8004779
328	0.8004779
329	0.8016726
330	0.8016726
331	0.8016726
332	0.8028674
333	0.8028674
334	0.8028674
335	0.8028674
336	0.8040621
337	0.8040621
338	0.8052569
339	0.8052569
340	0.8052569
341	0.8052569
342	0.8052569
343	0.8064516
344	0.8064516
345	0.8076464
346	0.8076464
347	0.8076464
348	0.8088411
349	0.8088411
350	0.8088411


Mean_TPR35= 0.6560	S.E.M= 0.0178
TPR35:
0.5714286	0.7261905	0.6785714	0.6547619	0.5833333	0.6190476	0.6904762	0.6987952	0.6144578	0.7228916
