   Rank	    TPR
1	0.2148876
2	0.497191
3	0.6109551
4	0.7008427
5	0.761236
6	0.7949438
7	0.8216292
8	0.8384831
9	0.8455056
10	0.8511236
11	0.8609551
12	0.8707865
13	0.877809
14	0.8820225
15	0.8904494
16	0.8946629
17	0.8960674
18	0.8988764
19	0.9030899
20	0.9058989
21	0.9058989
22	0.9073034
23	0.9129213
24	0.9157303
25	0.9171348
26	0.9171348
27	0.9185393
28	0.9213483
29	0.9213483
30	0.9227528
31	0.9241573
32	0.9241573
33	0.9269663
34	0.9283708
35	0.9283708
36	0.9283708
37	0.9297753
38	0.9325843
39	0.9339888
40	0.9353933
41	0.9353933
42	0.9367978
43	0.9382022
44	0.9382022
45	0.9382022
46	0.9424157
47	0.9424157
48	0.9438202
49	0.9438202
50	0.9438202
51	0.9438202
52	0.9438202
53	0.9438202
54	0.9438202
55	0.9452247
56	0.9452247
57	0.9452247
58	0.9452247
59	0.9452247
60	0.9452247
61	0.9452247
62	0.9452247
63	0.9452247
64	0.9452247
65	0.9452247
66	0.9466292
67	0.9466292
68	0.9466292
69	0.9466292
70	0.9466292
71	0.9466292
72	0.9466292
73	0.9466292
74	0.9466292
75	0.9466292
76	0.9466292
77	0.9466292
78	0.9466292
79	0.9466292
80	0.9466292
81	0.9466292
82	0.9466292
83	0.9466292
84	0.9480337
85	0.9480337
86	0.9480337
87	0.9494382
88	0.9494382
89	0.9494382
90	0.9522472
91	0.9522472
92	0.9522472
93	0.9522472
94	0.9522472
95	0.9522472
96	0.9522472
97	0.9522472
98	0.9536517
99	0.9536517
100	0.9536517
101	0.9536517
102	0.9536517
103	0.9536517
104	0.9536517
105	0.9536517
106	0.9550562
107	0.9550562
108	0.9550562
109	0.9550562
110	0.9550562
111	0.9550562
112	0.9550562
113	0.9550562
114	0.9550562
115	0.9592697
116	0.9592697
117	0.9592697
118	0.9592697
119	0.9592697
120	0.9592697
121	0.9592697
122	0.9592697
123	0.9592697
124	0.9592697
125	0.9592697
126	0.9592697
127	0.9592697
128	0.9592697
129	0.9592697
130	0.9592697
131	0.9592697
132	0.9592697
133	0.9592697
134	0.9592697
135	0.9592697
136	0.9592697
137	0.9592697
138	0.9592697
139	0.9592697
140	0.9606742
141	0.9606742
142	0.9606742
143	0.9606742
144	0.9606742
145	0.9606742
146	0.9606742
147	0.9606742
148	0.9606742
149	0.9606742
150	0.9606742
151	0.9606742
152	0.9606742
153	0.9606742
154	0.9606742
155	0.9606742
156	0.9606742
157	0.9606742
158	0.9606742
159	0.9634831
160	0.9634831
161	0.9634831
162	0.9648876
163	0.9648876
164	0.9648876
165	0.9648876
166	0.9648876
167	0.9648876
168	0.9648876
169	0.9648876
170	0.9648876
171	0.9648876
172	0.9648876
173	0.9648876
174	0.9648876
175	0.9648876
176	0.9648876
177	0.9648876
178	0.9648876
179	0.9648876
180	0.9648876
181	0.9648876
182	0.9648876
183	0.9648876
184	0.9648876
185	0.9648876
186	0.9648876
187	0.9648876
188	0.9662921
189	0.9662921
190	0.9662921
191	0.9662921
192	0.9662921
193	0.9662921
194	0.9662921
195	0.9662921
196	0.9662921
197	0.9662921
198	0.9662921
199	0.9662921
200	0.9662921
201	0.9662921
202	0.9662921
203	0.9662921
204	0.9662921
205	0.9662921
206	0.9662921
207	0.9662921
208	0.9676966
209	0.9676966
210	0.9676966
211	0.9676966
212	0.9676966
213	0.9676966
214	0.9676966
215	0.9676966
216	0.9691011
217	0.9691011
218	0.9691011
219	0.9691011
220	0.9691011
221	0.9691011
222	0.9691011
223	0.9691011
224	0.9691011
225	0.9691011
226	0.9691011
227	0.9691011
228	0.9691011
229	0.9691011
230	0.9691011
231	0.9691011
232	0.9691011
233	0.9691011
234	0.9691011
235	0.9705056
236	0.9705056
237	0.9705056
238	0.9705056
239	0.9705056
240	0.9705056
241	0.9705056
242	0.9705056
243	0.9705056
244	0.9705056
245	0.9705056
246	0.9705056
247	0.9719101
248	0.9719101
249	0.9719101
250	0.9719101
251	0.9719101
252	0.9719101
253	0.9719101
254	0.9719101
255	0.9719101
256	0.9719101
257	0.9719101
258	0.9719101
259	0.9719101
260	0.9719101
261	0.9733146
262	0.9733146
263	0.9733146
264	0.9733146
265	0.9733146
266	0.9733146
267	0.9733146
268	0.9733146
269	0.9733146
270	0.9733146
271	0.9733146
272	0.9733146
273	0.9733146
274	0.9733146
275	0.9733146
276	0.9733146
277	0.9733146
278	0.9733146
279	0.9733146
280	0.9733146
281	0.9733146
282	0.9733146
283	0.9733146
284	0.9733146
285	0.9733146
286	0.9733146
287	0.9733146
288	0.9733146
289	0.9733146
290	0.9733146
291	0.9733146
292	0.9733146
293	0.9733146
294	0.9733146
295	0.9733146
296	0.9733146
297	0.9733146
298	0.9733146
299	0.9733146
300	0.9733146
301	0.9733146
302	0.9733146
303	0.9733146
304	0.9733146
305	0.9733146
306	0.9733146
307	0.9733146
308	0.9733146
309	0.9733146
310	0.9733146
311	0.9733146
312	0.9733146
313	0.9733146
314	0.9733146
315	0.9733146
316	0.9733146
317	0.9733146
318	0.9733146
319	0.9733146
320	0.9733146
321	0.9733146
322	0.9733146
323	0.9733146
324	0.9733146
325	0.9733146
326	0.9733146
327	0.9733146
328	0.9733146
329	0.9733146
330	0.9733146
331	0.9733146
332	0.9733146
333	0.9733146
334	0.9733146
335	0.9733146
336	0.9733146
337	0.9733146
338	0.9733146
339	0.9733146
340	0.9733146
341	0.9733146
342	0.9733146
343	0.9733146
344	0.9733146
345	0.9733146
346	0.9733146
347	0.9733146
348	0.9733146
349	0.9733146
350	0.9733146


Mean_TPR35= 0.9284	S.E.M= 0.0070
TPR35:
0.9027778	0.9027778	0.915493	0.943662	0.915493	0.971831	0.9295775	0.943662	0.915493	0.943662
