   Rank	    TPR
1	0
2	0.0004741584
3	0.001896633
4	0.0056899
5	0.01801802
6	0.03793267
7	0.05832148
8	0.08819346
9	0.1204362
10	0.1441441
11	0.173542
12	0.2034139
13	0.227596
14	0.254623
15	0.2788051
16	0.3067805
17	0.323376
18	0.3409199
19	0.3556188
20	0.3760076
21	0.3968706
22	0.4120436
23	0.4286392
24	0.4428639
25	0.4528212
26	0.4656235
27	0.476055
28	0.4869606
29	0.4964438
30	0.5021337
31	0.5111427
32	0.5182551
33	0.5253675
34	0.5348506
35	0.5424372
36	0.5495495
37	0.5566619
38	0.5675676
39	0.5746799
40	0.5794215
41	0.5865339
42	0.5917496
43	0.5974395
44	0.6026553
45	0.607871
46	0.6116643
47	0.6183025
48	0.6235183
49	0.628734
50	0.6301565
51	0.6339497
52	0.637743
53	0.6429587
54	0.6500711
55	0.6548127
56	0.6581318
57	0.6614509
58	0.6661925
59	0.6685633
60	0.6699858
61	0.6718824
62	0.6728307
63	0.673779
64	0.676624
65	0.6789948
66	0.6804173
67	0.6842105
68	0.6880038
69	0.6894263
70	0.6899004
71	0.6903746
72	0.6922712
73	0.6927454
74	0.694642
75	0.6960645
76	0.6970128
77	0.6993836
78	0.7008061
79	0.7027027
80	0.703651
81	0.7045993
82	0.7055477
83	0.7074443
84	0.7088668
85	0.7102892
86	0.7117117
87	0.71266
88	0.7145567
89	0.7164533
90	0.7178758
91	0.7188241
92	0.7197724
93	0.7221432
94	0.7249881
95	0.7254623
96	0.7254623
97	0.7264106
98	0.7273589
99	0.7278331
100	0.7297297
101	0.7311522
102	0.7316264
103	0.733523
104	0.7349455
105	0.7358938
106	0.7363679
107	0.7368421
108	0.7377904
109	0.7382646
110	0.7396871
111	0.7411095
112	0.7430062
113	0.7444286
114	0.7463253
115	0.7463253
116	0.7463253
117	0.7472736
118	0.7477477
119	0.7477477
120	0.7477477
121	0.7486961
122	0.7491702
123	0.7496444
124	0.7510669
125	0.7520152
126	0.7534376
127	0.7539118
128	0.7539118
129	0.7539118
130	0.7553343
131	0.7567568
132	0.7572309
133	0.7591275
134	0.7591275
135	0.7596017
136	0.76055
137	0.76055
138	0.7610242
139	0.7614983
140	0.7614983
141	0.7619725
142	0.7619725
143	0.7624467
144	0.7629208
145	0.763395
146	0.7638691
147	0.7648174
148	0.7662399
149	0.7676624
150	0.7681366
151	0.7690849
152	0.769559
153	0.7700332
154	0.7705073
155	0.7709815
156	0.7719298
157	0.772404
158	0.7728781
159	0.7733523
160	0.7743006
161	0.7757231
162	0.7766714
163	0.7771456
164	0.7780939
165	0.7795164
166	0.7804647
167	0.7809388
168	0.781413
169	0.7818872
170	0.7823613
171	0.7828355
172	0.7837838
173	0.7842579
174	0.7856804
175	0.7861546
176	0.7871029
177	0.7871029
178	0.7875771
179	0.7885254
180	0.7885254
181	0.7885254
182	0.7889995
183	0.7894737
184	0.7894737
185	0.7894737
186	0.7899478
187	0.7908962
188	0.7908962
189	0.7913703
190	0.7913703
191	0.7913703
192	0.7923186
193	0.7923186
194	0.7927928
195	0.793267
196	0.7937411
197	0.7946894
198	0.7946894
199	0.7956377
200	0.7956377
201	0.7961119
202	0.7970602
203	0.7970602
204	0.7970602
205	0.7975344
206	0.7984827
207	0.7984827
208	0.799431
209	0.799431
210	0.799431
211	0.8003793
212	0.8008535
213	0.8013276
214	0.802276
215	0.802276
216	0.8027501
217	0.8027501
218	0.8032243
219	0.8032243
220	0.8032243
221	0.8036984
222	0.8046468
223	0.8055951
224	0.8055951
225	0.8060692
226	0.8070175
227	0.8070175
228	0.8079659
229	0.8089142
230	0.8103367
231	0.8108108
232	0.811285
233	0.8122333
234	0.8127074
235	0.8141299
236	0.8141299
237	0.8141299
238	0.8155524
239	0.8155524
240	0.8160266
241	0.8160266
242	0.8165007
243	0.8169749
244	0.8169749
245	0.817449
246	0.8179232
247	0.8183973
248	0.8183973
249	0.8188715
250	0.8193457
251	0.8193457
252	0.8198198
253	0.8207681
254	0.8207681
255	0.8207681
256	0.8207681
257	0.8212423
258	0.8217165
259	0.8217165
260	0.8217165
261	0.8226648
262	0.8240872
263	0.8245614
264	0.8245614
265	0.8255097
266	0.8255097
267	0.8274064
268	0.8278805
269	0.8278805
270	0.8283547
271	0.8288288
272	0.8288288
273	0.8288288
274	0.8288288
275	0.8302513
276	0.8307255
277	0.8307255
278	0.8316738
279	0.8316738
280	0.8316738
281	0.8321479
282	0.8326221
283	0.8335704
284	0.8345187
285	0.8345187
286	0.8349929
287	0.835467
288	0.835467
289	0.835467
290	0.835467
291	0.835467
292	0.835467
293	0.835467
294	0.8359412
295	0.8359412
296	0.8359412
297	0.8359412
298	0.8364154
299	0.8378378
300	0.838312
301	0.838312
302	0.8387862
303	0.8397345
304	0.8397345
305	0.8406828
306	0.8416311
307	0.8416311
308	0.8416311
309	0.8421053
310	0.8421053
311	0.8421053
312	0.8421053
313	0.8435277
314	0.8435277
315	0.8440019
316	0.8444761
317	0.8444761
318	0.8444761
319	0.8449502
320	0.8458985
321	0.8458985
322	0.8463727
323	0.8463727
324	0.847321
325	0.8487435
326	0.8492176
327	0.850166
328	0.8506401
329	0.8515884
330	0.8515884
331	0.8515884
332	0.8515884
333	0.8515884
334	0.8520626
335	0.8520626
336	0.8525367
337	0.8534851
338	0.8539592
339	0.8544334
340	0.8544334
341	0.8549075
342	0.8549075
343	0.8549075
344	0.8553817
345	0.8558559
346	0.85633
347	0.85633
348	0.8568042
349	0.8572783
350	0.8577525


Mean_TPR35= 0.5424	S.E.M= 0.0138
TPR35:
0.5876777	0.5118483	0.521327	0.5971564	0.5781991	0.5781991	0.4549763	0.5402844	0.521327	0.5333333
