   Rank	    TPR
1	0.05444126
2	0.1103152
3	0.1776504
4	0.2320917
5	0.2808023
6	0.3524355
7	0.4004298
8	0.4247851
9	0.4426934
10	0.472063
11	0.4949857
12	0.5100287
13	0.5250716
14	0.530086
15	0.5393983
16	0.5522923
17	0.5616046
18	0.5709169
19	0.5766476
20	0.5830946
21	0.5916905
22	0.5959885
23	0.6045845
24	0.6103152
25	0.6181948
26	0.6224928
27	0.6275072
28	0.6353868
29	0.6411175
30	0.6468481
31	0.6532951
32	0.6611748
33	0.6683381
34	0.6755014
35	0.6797994
36	0.6862464
37	0.6891117
38	0.6948424
39	0.7012894
40	0.7077364
41	0.7148997
42	0.7184814
43	0.7213467
44	0.7234957
45	0.7277937
46	0.7292264
47	0.7320917
48	0.7356734
49	0.7356734
50	0.7378223
51	0.7428367
52	0.7449857
53	0.7471347
54	0.7535817
55	0.756447
56	0.7614613
57	0.765043
58	0.7679083
59	0.77149
60	0.7722063
61	0.773639
62	0.777937
63	0.780086
64	0.7808023
65	0.7815186
66	0.7829513
67	0.7858166
68	0.7872493
69	0.7879656
70	0.7886819
71	0.7901146
72	0.7929799
73	0.7929799
74	0.7936963
75	0.7965616
76	0.8001433
77	0.8022923
78	0.8030086
79	0.8030086
80	0.8037249
81	0.8037249
82	0.8058739
83	0.8087393
84	0.8108883
85	0.8108883
86	0.8116046
87	0.8123209
88	0.8123209
89	0.8144699
90	0.8180516
91	0.8180516
92	0.8187679
93	0.8194842
94	0.8202006
95	0.8209169
96	0.8223496
97	0.8223496
98	0.8223496
99	0.8244986
100	0.8266476
101	0.8266476
102	0.8266476
103	0.8280802
104	0.8309456
105	0.8309456
106	0.8338109
107	0.8345272
108	0.8345272
109	0.8345272
110	0.8352436
111	0.8359599
112	0.8366762
113	0.8373926
114	0.8373926
115	0.8381089
116	0.8416905
117	0.8424069
118	0.8452722
119	0.8467049
120	0.8481375
121	0.8495702
122	0.8510029
123	0.8538682
124	0.8560172
125	0.8567335
126	0.8581662
127	0.8581662
128	0.8588825
129	0.8617479
130	0.8631805
131	0.8631805
132	0.8646132
133	0.8653295
134	0.8667622
135	0.8681948
136	0.8703438
137	0.8732092
138	0.8753582
139	0.8760745
140	0.8767908
141	0.8775072
142	0.8796562
143	0.8825215
144	0.8832378
145	0.8839542
146	0.8868195
147	0.8889685
148	0.8904011
149	0.8911175
150	0.8911175
151	0.8918338
152	0.8939828
153	0.8946991
154	0.8946991
155	0.8946991
156	0.8961318
157	0.8975645
158	0.8997135
159	0.9011461
160	0.9032951
161	0.9040115
162	0.9061605
163	0.9061605
164	0.9061605
165	0.9068768
166	0.9068768
167	0.9068768
168	0.9083095
169	0.9097421
170	0.9104585
171	0.9118911
172	0.9118911
173	0.9133238
174	0.9140401
175	0.9154728
176	0.9161891
177	0.9169054
178	0.9176218
179	0.9190544
180	0.9190544
181	0.9190544
182	0.9190544
183	0.9190544
184	0.9190544
185	0.9190544
186	0.9204871
187	0.9212034
188	0.9212034
189	0.9219198
190	0.9233524
191	0.9240688
192	0.9240688
193	0.9240688
194	0.9240688
195	0.9240688
196	0.9247851
197	0.9247851
198	0.9247851
199	0.9247851
200	0.9247851
201	0.9247851
202	0.9247851
203	0.9247851
204	0.9247851
205	0.9247851
206	0.9255014
207	0.9255014
208	0.9262178
209	0.9262178
210	0.9262178
211	0.9269341
212	0.9283668
213	0.9283668
214	0.9290831
215	0.9297994
216	0.9305158
217	0.9305158
218	0.9305158
219	0.9305158
220	0.9312321
221	0.9312321
222	0.9319484
223	0.9319484
224	0.9319484
225	0.9326648
226	0.9333811
227	0.9333811
228	0.9333811
229	0.9333811
230	0.9333811
231	0.9333811
232	0.9340974
233	0.9340974
234	0.9340974
235	0.9348138
236	0.9348138
237	0.9348138
238	0.9348138
239	0.9355301
240	0.9362464
241	0.9362464
242	0.9369628
243	0.9369628
244	0.9369628
245	0.9369628
246	0.9369628
247	0.9376791
248	0.9376791
249	0.9376791
250	0.9383954
251	0.9383954
252	0.9383954
253	0.9383954
254	0.9391117
255	0.9391117
256	0.9398281
257	0.9398281
258	0.9398281
259	0.9398281
260	0.9398281
261	0.9398281
262	0.9398281
263	0.9405444
264	0.9405444
265	0.9405444
266	0.9405444
267	0.9405444
268	0.9405444
269	0.9405444
270	0.9405444
271	0.9405444
272	0.9405444
273	0.9405444
274	0.9405444
275	0.9405444
276	0.9405444
277	0.9405444
278	0.9405444
279	0.9405444
280	0.9405444
281	0.9405444
282	0.9405444
283	0.9405444
284	0.9405444
285	0.9405444
286	0.9405444
287	0.9405444
288	0.9412607
289	0.9412607
290	0.9412607
291	0.9412607
292	0.9419771
293	0.9419771
294	0.9419771
295	0.9434097
296	0.9434097
297	0.9434097
298	0.9434097
299	0.9441261
300	0.9441261
301	0.9441261
302	0.9441261
303	0.9441261
304	0.9448424
305	0.9455587
306	0.9455587
307	0.9462751
308	0.9462751
309	0.9462751
310	0.9462751
311	0.9469914
312	0.9469914
313	0.9469914
314	0.9469914
315	0.9477077
316	0.9477077
317	0.9477077
318	0.9477077
319	0.9477077
320	0.9477077
321	0.9477077
322	0.9477077
323	0.9477077
324	0.9477077
325	0.9477077
326	0.9477077
327	0.9477077
328	0.9477077
329	0.9477077
330	0.9484241
331	0.9491404
332	0.9491404
333	0.9491404
334	0.9491404
335	0.9491404
336	0.9491404
337	0.9491404
338	0.9491404
339	0.9491404
340	0.9498567
341	0.9498567
342	0.9498567
343	0.9498567
344	0.9498567
345	0.9512894
346	0.9512894
347	0.9512894
348	0.9512894
349	0.9512894
350	0.9512894


Mean_TPR35= 0.6799	S.E.M= 0.0118
TPR35:
0.6357143	0.7071429	0.6642857	0.6571429	0.6571429	0.6285714	0.705036	0.6834532	0.7194245	0.7410072
